0     1 
2     0 
2     1 
3     0 
3     2 
4     0 
4     1 
5     2 
5     5 
6     5 
6     6 
7     1 
7     3 
8     4 
8     6 
9     1 
9     3 
10     5 
10     8 
11     4 
11     5 
12     0 
12     8 
13     1 
13     8 
14     6 
14     13 
15     4 
15     8 
16     1 
16     8 
17     0 
17     7 
18     12 
18     15 
19     4 
19     8 
20     8 
20     9 
21     4 
21     19 
22     10 
22     19 
23     0 
23     8 
24     1 
24     8 
25     1 
25     9 
26     10 
26     21 
27     4 
27     23 
28     5 
28     23 
29     0 
29     20 
30     5 
30     8 
31     8 
31     14 
32     1 
32     24 
33     5 
33     17 
34     1 
34     23 
35     4 
35     8 
36     0 
36     9 
37     5 
37     32 
38     1 
38     10 
39     2 
39     23 
40     9 
40     37 
41     12 
41     14 
42     4 
42     18 
43     8 
43     35 
44     4 
44     37 
45     4 
45     15 
46     8 
46     15 
47     0 
47     13 
48     1 
48     30 
49     1 
49     19 
50     1 
50     14 
51     10 
51     45 
52     1 
52     20 
53     18 
53     36 
54     4 
54     19 
55     5 
55     23 
56     3 
56     35 
57     8 
57     40 
58     0 
58     3 
59     0 
59     6 
60     1 
60     31 
61     1 
61     10 
62     33 
62     60 
63     8 
63     23 
64     0 
64     19 
65     1 
65     24 
66     4 
66     9 
67     1 
67     43 
68     8 
68     19 
69     6 
69     8 
70     4 
70     31 
71     19 
71     67 
72     8 
72     43 
73     6 
73     26 
74     9 
74     57 
75     1 
75     67 
76     8 
76     74 
77     37 
77     43 
78     0 
78     57 
79     4 
79     17 
80     4 
80     11 
81     8 
81     70 
82     0 
82     58 
83     15 
83     40 
84     13 
84     24 
85     23 
85     67 
86     8 
86     55 
87     18 
87     23 
88     23 
88     40 
89     17 
89     35 
90     4 
90     67 
91     24 
91     64 
92     43 
92     48 
93     8 
93     17 
94     68 
94     91 
95     17 
95     79 
96     18 
96     30 
97     5 
97     8 
98     17 
98     36 
99     8 
99     16 
100     24 
100     30 
101     18 
101     36 
102     1 
102     9 
103     0 
103     5 
104     53 
104     62 
105     14 
105     32 
106     8 
106     43 
107     18 
107     103 
108     18 
108     79 
109     16 
109     31 
110     8 
110     107 
111     0 
111     43 
112     70 
112     97 
113     8 
113     85 
114     41 
114     67 
115     17 
115     37 
116     3 
116     31 
117     15 
117     21 
118     20 
118     94 
119     19 
119     20 
120     5 
120     17 
121     9 
121     23 
122     0 
122     8 
123     8 
123     26 
124     0 
124     86 
125     1 
125     42 
126     23 
126     96 
127     2 
127     112 
128     12 
128     99 
129     37 
129     51 
130     8 
130     10 
131     59 
131     103 
132     66 
132     93 
133     1 
133     110 
134     4 
134     38 
135     113 
135     131 
136     4 
136     23 
137     30 
137     31 
138     90 
138     96 
139     26 
139     109 
140     10 
140     68 
141     37 
141     110 
142     33 
142     48 
143     8 
143     18 
144     1 
144     121 
145     38 
145     139 
146     1 
146     123 
147     38 
147     127 
148     8 
148     71 
149     58 
149     85 
150     8 
150     37 
151     8 
151     101 
152     4 
152     26 
153     8 
153     104 
154     85 
154     106 
155     4 
155     48 
156     90 
156     133 
157     18 
157     32 
158     8 
158     90 
159     9 
159     35 
160     17 
160     35 
161     38 
161     160 
162     37 
162     110 
163     55 
163     96 
164     2 
164     79 
165     57 
165     89 
166     56 
166     67 
167     0 
167     21 
168     16 
168     58 
169     103 
169     169 
170     151 
170     154 
171     57 
171     103 
172     151 
172     165 
173     8 
173     51 
174     19 
174     71 
175     18 
175     31 
176     43 
176     87 
177     8 
177     52 
178     37 
178     79 
179     12 
179     91 
180     17 
180     20 
181     4 
181     71 
182     19 
182     150 
183     0 
183     16 
184     15 
184     173 
185     0 
185     184 
186     3 
186     16 
187     131 
187     160 
188     43 
188     71 
189     37 
189     107 
190     77 
190     116 
191     14 
191     71 
192     68 
192     73 
193     83 
193     124 
194     1 
194     6 
195     0 
195     4 
196     9 
196     46 
197     40 
197     116 
198     91 
198     160 
199     37 
199     42 
200     13 
200     95 
201     118 
201     134 
202     16 
202     98 
203     3 
203     19 
204     5 
204     137 
205     4 
205     7 
206     96 
206     108 
207     25 
207     170 
208     8 
208     90 
209     5 
209     77 
210     177 
210     178 
211     18 
211     71 
212     18 
212     56 
213     8 
213     90 
214     5 
214     96 
215     35 
215     174 
216     1 
216     56 
217     1 
217     19 
218     1 
218     51 
219     0 
219     5 
220     16 
220     23 
221     65 
221     213 
222     1 
222     26 
223     40 
223     152 
224     6 
224     159 
225     1 
225     68 
226     0 
226     97 
227     37 
227     143 
228     21 
228     96 
229     4 
229     135 
230     4 
230     94 
231     71 
231     215 
232     40 
232     50 
233     10 
233     14 
234     0 
234     201 
235     94 
235     217 
236     1 
236     31 
237     96 
237     97 
238     8 
238     68 
239     1 
239     18 
240     4 
240     184 
241     43 
241     152 
242     31 
242     68 
243     5 
243     38 
244     85 
244     194 
245     67 
245     168 
246     131 
246     233 
247     7 
247     173 
248     4 
248     5 
249     7 
249     101 
250     57 
250     67 
251     5 
251     40 
252     0 
252     228 
253     99 
253     222 
254     21 
254     231 
255     2 
255     31 
256     0 
256     184 
257     137 
257     177 
258     205 
258     222 
259     91 
259     150 
260     18 
260     231 
261     0 
261     31 
262     85 
262     242 
263     3 
263     67 
264     1 
264     39 
265     19 
265     76 
266     75 
266     77 
267     140 
267     234 
268     26 
268     88 
269     180 
269     224 
270     54 
270     86 
271     26 
271     35 
272     136 
272     233 
273     1 
273     156 
274     89 
274     179 
275     41 
275     122 
276     9 
276     37 
277     94 
277     247 
278     15 
278     115 
279     14 
279     113 
280     5 
280     201 
281     1 
281     15 
282     98 
282     256 
283     1 
283     5 
284     14 
284     211 
285     40 
285     192 
286     41 
286     247 
287     3 
287     42 
288     6 
288     48 
289     36 
289     167 
290     10 
290     254 
291     62 
291     271 
292     24 
292     85 
293     140 
293     180 
294     0 
294     40 
295     51 
295     166 
296     168 
296     242 
297     99 
297     189 
298     96 
298     178 
299     24 
299     62 
300     8 
300     116 
301     81 
301     187 
302     5 
302     256 
303     91 
303     219 
304     0 
304     167 
305     6 
305     66 
306     91 
306     247 
307     3 
307     149 
308     4 
308     52 
309     19 
309     230 
310     31 
310     201 
311     6 
311     19 
312     4 
312     26 
313     171 
313     227 
314     1 
314     35 
315     106 
315     294 
316     5 
316     8 
317     1 
317     4 
318     141 
318     316 
319     35 
319     146 
320     4 
320     129 
321     8 
321     51 
322     190 
322     291 
323     36 
323     62 
324     3 
324     81 
325     67 
325     77 
326     77 
326     193 
327     37 
327     135 
328     12 
328     212 
329     66 
329     234 
330     172 
330     213 
331     107 
331     244 
332     3 
332     290 
333     24 
333     147 
334     24 
334     283 
335     101 
335     110 
336     240 
336     287 
337     23 
337     94 
338     9 
338     57 
339     8 
339     85 
340     18 
340     115 
341     103 
341     157 
342     3 
342     90 
343     8 
343     156 
344     40 
344     97 
345     20 
345     86 
346     75 
346     146 
347     23 
347     157 
348     147 
348     150 
349     94 
349     109 
350     0 
350     340 
351     1 
351     23 
352     5 
352     247 
353     1 
353     209 
354     1 
354     68 
355     9 
355     204 
356     64 
356     134 
357     153 
357     319 
358     93 
358     212 
359     51 
359     153 
360     300 
360     347 
361     71 
361     187 
362     70 
362     228 
363     35 
363     204 
364     48 
364     281 
365     71 
365     180 
366     48 
366     152 
367     137 
367     310 
368     96 
368     348 
369     81 
369     257 
370     6 
370     213 
371     31 
371     131 
372     8 
372     326 
373     0 
373     331 
374     46 
374     159 
375     19 
375     47 
376     160 
376     293 
377     38 
377     77 
378     48 
378     205 
379     57 
379     189 
380     179 
380     213 
381     1 
381     150 
382     160 
382     380 
383     96 
383     336 
384     20 
384     219 
385     1 
385     111 
386     38 
386     115 
387     159 
387     378 
388     150 
388     154 
389     32 
389     226 
390     117 
390     340 
391     4 
391     16 
392     21 
392     201 
393     329 
393     366 
394     77 
394     314 
395     122 
395     344 
396     93 
396     391 
397     1 
397     205 
398     53 
398     382 
399     67 
399     276 
400     187 
400     291 
401     11 
401     314 
402     145 
402     160 
403     114 
403     172 
404     18 
404     40 
405     158 
405     165 
406     77 
406     169 
407     227 
407     395 
408     4 
408     278 
409     1 
409     81 
410     67 
410     131 
411     82 
411     394 
412     57 
412     252 
413     40 
413     59 
414     11 
414     43 
415     193 
415     227 
416     59 
416     199 
417     85 
417     179 
418     1 
418     190 
419     37 
419     122 
420     15 
420     66 
421     326 
421     327 
422     1 
422     186 
423     227 
423     335 
424     43 
424     59 
425     3 
425     30 
426     232 
426     313 
427     5 
427     180 
428     71 
428     164 
429     190 
429     231 
430     278 
430     370 
431     178 
431     358 
432     1 
432     378 
433     35 
433     222 
434     270 
434     404 
435     86 
435     211 
436     2 
436     255 
437     58 
437     160 
438     114 
438     297 
439     5 
439     358 
440     86 
440     97 
441     244 
441     420 
442     1 
442     112 
443     4 
443     176 
444     4 
444     350 
445     0 
445     67 
446     1 
446     190 
447     3 
447     319 
448     130 
448     305 
449     5 
449     122 
450     0 
450     23 
451     56 
451     352 
452     1 
452     86 
453     16 
453     30 
454     13 
454     218 
455     291 
455     347 
456     11 
456     107 
457     1 
457     8 
458     2 
458     43 
459     29 
459     282 
460     61 
460     75 
461     224 
461     340 
462     23 
462     99 
463     275 
463     385 
464     0 
464     72 
465     130 
465     443 
466     6 
466     185 
467     135 
467     179 
468     0 
468     116 
469     164 
469     178 
470     6 
470     293 
471     4 
471     412 
472     14 
472     71 
473     35 
473     157 
474     0 
474     450 
475     70 
475     439 
476     33 
476     288 
477     375 
477     443 
478     4 
478     97 
479     94 
479     153 
480     38 
480     76 
481     23 
481     327 
482     187 
482     402 
483     41 
483     199 
484     0 
484     364 
485     1 
485     141 
486     15 
486     350 
487     1 
487     70 
488     4 
488     75 
489     35 
489     148 
490     5 
490     41 
491     0 
491     111 
492     119 
492     265 
493     18 
493     124 
494     17 
494     215 
495     6 
495     28 
496     409 
496     495 
497     243 
497     255 
498     31 
498     213 
499     4 
499     48 
500     20 
500     21 
501     297 
501     430 
502     0 
502     299 
503     228 
503     345 
504     10 
504     380 
505     8 
505     35 
506     101 
506     190 
507     88 
507     188 
508     155 
508     420 
509     7 
509     8 
510     2 
510     329 
511     38 
511     173 
512     247 
512     500 
513     103 
513     116 
514     122 
514     204 
515     8 
515     273 
516     38 
516     154 
517     11 
517     338 
518     31 
518     93 
519     4 
519     329 
520     1 
520     192 
521     39 
521     366 
522     19 
522     282 
523     118 
523     262 
524     4 
524     264 
525     348 
525     368 
526     89 
526     133 
527     5 
527     367 
528     180 
528     482 
529     4 
529     388 
530     13 
530     364 
531     89 
531     150 
532     3 
532     62 
533     51 
533     334 
534     96 
534     513 
535     41 
535     187 
536     52 
536     327 
537     116 
537     285 
538     103 
538     109 
539     6 
539     39 
540     85 
540     248 
541     80 
541     159 
542     45 
542     294 
543     184 
543     440 
544     1 
544     186 
545     135 
545     534 
546     314 
546     509 
547     180 
547     274 
548     14 
548     457 
549     229 
549     507 
550     130 
550     326 
551     148 
551     463 
552     1 
552     10 
553     24 
553     491 
554     370 
554     381 
555     67 
555     351 
556     8 
556     433 
557     116 
557     154 
558     23 
558     107 
559     4 
559     379 
560     15 
560     428 
561     35 
561     160 
562     89 
562     263 
563     278 
563     446 
564     258 
564     562 
565     312 
565     334 
566     13 
566     41 
567     222 
567     382 
568     176 
568     341 
569     19 
569     281 
570     48 
570     135 
571     277 
571     401 
572     55 
572     256 
573     133 
573     285 
574     83 
574     169 
575     182 
575     420 
576     18 
576     162 
577     3 
577     431 
578     1 
578     44 
579     54 
579     450 
580     12 
580     85 
581     173 
581     391 
582     429 
582     514 
583     71 
583     299 
584     38 
584     380 
585     101 
585     107 
586     208 
586     421 
587     83 
587     109 
588     68 
588     273 
589     1 
589     23 
590     80 
590     533 
591     171 
591     420 
592     109 
592     170 
593     122 
593     165 
594     255 
594     271 
595     8 
595     151 
596     7 
596     15 
597     332 
597     559 
598     1 
598     297 
599     460 
599     468 
600     5 
600     77 
601     14 
601     131 
602     351 
602     501 
603     162 
603     542 
604     205 
604     298 
605     37 
605     40 
606     23 
606     171 
607     373 
607     513 
608     13 
608     169 
609     1 
609     190 
610     75 
610     326 
611     281 
611     554 
612     252 
612     489 
613     156 
613     209 
614     0 
614     3 
615     1 
615     9 
616     533 
616     560 
617     54 
617     153 
618     107 
618     533 
619     51 
619     83 
620     55 
620     192 
621     4 
621     607 
622     46 
622     156 
623     1 
623     163 
624     94 
624     293 
625     97 
625     312 
626     219 
626     313 
627     44 
627     256 
628     232 
628     402 
629     3 
629     568 
630     1 
630     117 
631     65 
631     75 
632     159 
632     630 
633     6 
633     42 
634     407 
634     536 
635     1 
635     291 
636     31 
636     248 
637     43 
637     429 
638     14 
638     298 
639     89 
639     368 
640     88 
640     422 
641     325 
641     368 
642     52 
642     308 
643     1 
643     43 
644     0 
644     52 
645     0 
645     103 
646     154 
646     256 
647     99 
647     589 
648     21 
648     152 
649     133 
649     180 
650     548 
650     650 
651     79 
651     190 
652     4 
652     638 
653     48 
653     160 
654     413 
654     562 
655     64 
655     160 
656     340 
656     463 
657     18 
657     619 
658     37 
658     433 
659     48 
659     169 
660     141 
660     485 
661     15 
661     613 
662     1 
662     5 
663     103 
663     414 
664     5 
664     187 
665     338 
665     462 
666     148 
666     589 
667     8 
667     280 
668     130 
668     643 
669     468 
669     575 
670     256 
670     411 
671     24 
671     239 
672     21 
672     664 
673     1 
673     33 
674     159 
674     386 
675     248 
675     324 
676     40 
676     65 
677     257 
677     304 
678     43 
678     380 
679     17 
679     67 
680     1 
680     334 
681     421 
681     424 
682     445 
682     567 
683     205 
683     244 
684     23 
684     44 
685     43 
685     319 
686     294 
686     661 
687     153 
687     314 
688     1 
688     169 
689     300 
689     438 
690     71 
690     402 
691     299 
691     325 
692     298 
692     669 
693     44 
693     481 
694     190 
694     520 
695     370 
695     490 
696     23 
696     107 
697     407 
697     689 
698     231 
698     648 
699     342 
699     593 
700     94 
700     568 
701     169 
701     457 
702     366 
702     438 
703     290 
703     690 
704     234 
704     521 
705     5 
705     140 
706     359 
706     380 
707     98 
707     519 
708     13 
708     214 
709     264 
709     432 
710     70 
710     212 
711     319 
711     420 
712     41 
712     562 
713     0 
713     648 
714     242 
714     388 
715     6 
715     115 
716     97 
716     337 
717     152 
717     534 
718     438 
718     700 
719     8 
719     53 
720     1 
720     121 
721     100 
721     393 
722     135 
722     184 
723     166 
723     572 
724     159 
724     269 
725     209 
725     584 
726     362 
726     390 
727     243 
727     292 
728     77 
728     154 
729     113 
729     407 
730     18 
730     107 
731     1 
731     267 
732     18 
732     140 
733     121 
733     169 
734     85 
734     362 
735     216 
735     438 
736     240 
736     319 
737     42 
737     81 
738     36 
738     201 
739     526 
739     571 
740     65 
740     85 
741     17 
741     152 
742     35 
742     234 
743     8 
743     294 
744     211 
744     272 
745     324 
745     605 
746     4 
746     135 
747     31 
747     440 
748     24 
748     63 
749     217 
749     485 
750     67 
750     189 
751     176 
751     616 
752     16 
752     19 
753     75 
753     173 
754     297 
754     660 
755     26 
755     33 
756     4 
756     14 
757     6 
757     553 
758     54 
758     378 
759     288 
759     647 
760     375 
760     709 
761     110 
761     116 
762     0 
762     539 
763     243 
763     491 
764     191 
764     240 
765     5 
765     316 
766     8 
766     68 
767     457 
767     672 
768     77 
768     475 
769     211 
769     288 
770     282 
770     509 
771     481 
771     630 
772     324 
772     421 
773     317 
773     327 
774     57 
774     709 
775     89 
775     188 
776     122 
776     463 
777     4 
777     282 
778     40 
778     411 
779     3 
779     580 
780     15 
780     697 
781     205 
781     219 
782     8 
782     96 
783     125 
783     344 
784     1 
784     67 
785     75 
785     706 
786     45 
786     83 
787     639 
787     749 
788     11 
788     23 
789     282 
789     532 
790     131 
790     421 
791     1 
791     468 
792     293 
792     724 
793     48 
793     122 
794     555 
794     563 
795     299 
795     517 
796     290 
796     400 
797     403 
797     620 
798     633 
798     769 
799     424 
799     576 
800     3 
800     576 
801     648 
801     703 
802     140 
802     296 
803     555 
803     578 
804     1 
804     59 
805     169 
805     298 
806     5 
806     771 
807     1 
807     8 
808     45 
808     636 
809     75 
809     234 
810     94 
810     661 
811     7 
811     14 
812     33 
812     199 
813     1 
813     300 
814     4 
814     380 
815     337 
815     562 
816     26 
816     539 
817     60 
817     113 
818     0 
818     185 
819     67 
819     802 
820     0 
820     8 
821     18 
821     83 
822     1 
822     10 
823     86 
823     480 
824     1 
824     172 
825     190 
825     799 
826     184 
826     562 
827     147 
827     262 
828     174 
828     180 
829     0 
829     28 
830     1 
830     11 
831     213 
831     406 
832     160 
832     482 
833     97 
833     224 
834     696 
834     759 
835     255 
835     471 
836     312 
836     472 
837     725 
837     759 
838     44 
838     96 
839     152 
839     544 
840     305 
840     319 
841     494 
841     755 
842     122 
842     213 
843     7 
843     247 
844     1 
844     6 
845     598 
845     727 
846     88 
846     168 
847     84 
847     454 
848     372 
848     824 
849     68 
849     645 
850     3 
850     8 
851     1 
851     5 
852     159 
852     169 
853     349 
853     513 
854     116 
854     741 
855     159 
855     530 
856     24 
856     205 
857     466 
857     676 
858     171 
858     722 
859     68 
859     354 
860     214 
860     554 
861     319 
861     446 
862     457 
862     737 
863     14 
863     101 
864     119 
864     572 
865     579 
865     665 
866     64 
866     243 
867     83 
867     786 
868     48 
868     623 
869     95 
869     802 
870     167 
870     414 
871     3 
871     96 
872     528 
872     771 
873     201 
873     314 
874     91 
874     605 
875     91 
875     742 
876     24 
876     498 
877     13 
877     97 
878     14 
878     89 
879     5 
879     511 
880     68 
880     82 
881     130 
881     572 
882     387 
882     601 
883     327 
883     658 
884     545 
884     812 
885     4 
885     48 
886     1 
886     291 
887     1 
887     669 
888     40 
888     370 
889     15 
889     685 
890     4 
890     31 
891     260 
891     605 
892     237 
892     489 
893     137 
893     481 
894     501 
894     806 
895     6 
895     648 
896     1 
896     88 
897     146 
897     658 
898     222 
898     844 
899     89 
899     90 
900     8 
900     661 
901     3 
901     631 
902     8 
902     213 
903     6 
903     414 
904     1 
904     431 
905     422 
905     639 
906     141 
906     271 
907     26 
907     334 
908     14 
908     21 
909     71 
909     688 
910     8 
910     37 
911     114 
911     881 
912     222 
912     480 
913     85 
913     376 
914     55 
914     96 
915     180 
915     475 
916     68 
916     298 
917     55 
917     831 
918     275 
918     443 
919     14 
919     151 
920     94 
920     641 
921     30 
921     770 
922     16 
922     655 
923     0 
923     262 
924     526 
924     721 
925     41 
925     560 
926     43 
926     269 
927     283 
927     436 
928     11 
928     382 
929     163 
929     280 
930     1 
930     377 
931     1 
931     445 
932     71 
932     879 
933     84 
933     538 
934     38 
934     368 
935     1 
935     35 
936     6 
936     71 
937     367 
937     537 
938     50 
938     673 
939     421 
939     431 
940     96 
940     680 
941     135 
941     887 
942     154 
942     640 
943     34 
943     224 
944     237 
944     314 
945     262 
945     474 
946     90 
946     831 
947     380 
947     462 
948     10 
948     884 
949     10 
949     71 
950     312 
950     748 
951     401 
951     545 
952     794 
952     804 
953     9 
953     89 
954     89 
954     856 
955     494 
955     509 
956     117 
956     633 
957     231 
957     548 
958     23 
958     40 
959     45 
959     414 
960     0 
960     1 
961     632 
961     735 
962     21 
962     674 
963     534 
963     857 
964     330 
964     655 
965     113 
965     656 
966     206 
966     747 
967     37 
967     382 
968     0 
968     300 
969     6 
969     187 
970     27 
970     165 
971     9 
971     117 
972     140 
972     328 
973     118 
973     601 
974     23 
974     59 
975     298 
975     936 
976     34 
976     173 
977     5 
977     81 
978     441 
978     542 
979     271 
979     555 
980     85 
980     224 
981     3 
981     536 
982     127 
982     169 
983     137 
983     906 
984     442 
984     889 
985     160 
985     896 
986     135 
986     866 
987     349 
987     683 
988     14 
988     67 
989     320 
989     340 
990     5 
990     38 
991     1 
991     862 
992     59 
992     83 
993     35 
993     479 
994     40 
994     67 
995     42 
995     897 
996     74 
996     116 
997     185 
997     890 
998     54 
998     494 
999     19 
999     534 
1000     19 
1000     67 
1001     12 
1001     291 
1002     38 
1002     470 
1003     396 
1003     961 
1004     118 
1004     208 
1005     314 
1005     409 
1006     5 
1006     437 
1007     18 
1007     528 
1008     3 
1008     289 
1009     87 
1009     368 
1010     1 
1010     77 
1011     114 
1011     953 
1012     0 
1012     1 
1013     29 
1013     152 
1014     413 
1014     576 
1015     24 
1015     147 
1016     37 
1016     702 
1017     2 
1017     745 
1018     271 
1018     823 
1019     91 
1019     528 
1020     163 
1020     370 
1021     351 
1021     771 
1022     288 
1022     514 
1023     86 
1023     592 
1024     111 
1024     895 
1025     235 
1025     457 
1026     846 
1026     950 
1027     293 
1027     440 
1028     351 
1028     956 
1029     77 
1029     205 
1030     628 
1030     630 
1031     111 
1031     495 
1032     55 
1032     456 
1033     96 
1033     984 
1034     495 
1034     825 
1035     431 
1035     1005 
1036     660 
1036     968 
1037     4 
1037     8 
1038     0 
1038     224 
1039     571 
1039     676 
1040     11 
1040     424 
1041     153 
1041     515 
1042     71 
1042     289 
1043     48 
1043     116 
1044     48 
1044     887 
1045     52 
1045     997 
1046     5 
1046     361 
1047     687 
1047     688 
1048     367 
1048     1002 
1049     205 
1049     655 
1050     150 
1050     446 
1051     133 
1051     167 
1052     30 
1052     291 
1053     0 
1053     906 
1054     278 
1054     865 
1055     9 
1055     1035 
1056     774 
1056     868 
1057     52 
1057     213 
1058     358 
1058     493 
1059     5 
1059     560 
1060     13 
1060     256 
1061     91 
1061     676 
1062     89 
1062     810 
1063     1 
1063     270 
1064     1 
1064     586 
1065     215 
1065     749 
1066     99 
1066     811 
1067     82 
1067     123 
1068     0 
1068     8 
1069     101 
1069     288 
1070     486 
1070     650 
1071     66 
1071     115 
1072     813 
1072     1054 
1073     51 
1073     753 
1074     51 
1074     543 
1075     9 
1075     240 
1076     58 
1076     76 
1077     700 
1077     847 
1078     231 
1078     787 
1079     71 
1079     259 
1080     16 
1080     287 
1081     553 
1081     598 
1082     21 
1082     126 
1083     113 
1083     180 
1084     340 
1084     354 
1085     0 
1085     495 
1086     107 
1086     1045 
1087     53 
1087     133 
1088     21 
1088     367 
1089     122 
1089     651 
1090     19 
1090     337 
1091     1 
1091     1077 
1092     255 
1092     511 
1093     256 
1093     495 
1094     68 
1094     96 
1095     20 
1095     1036 
1096     89 
1096     722 
1097     0 
1097     658 
1098     322 
1098     463 
1099     20 
1099     191 
1100     6 
1100     60 
1101     4 
1101     1050 
1102     32 
1102     213 
1103     473 
1103     622 
1104     52 
1104     228 
1105     22 
1105     576 
1106     4 
1106     421 
1107     114 
1107     724 
1108     197 
1108     307 
1109     119 
1109     364 
1110     454 
1110     1012 
1111     4 
1111     94 
1112     0 
1112     495 
1113     321 
1113     742 
1114     236 
1114     1035 
1115     170 
1115     192 
1116     35 
1116     159 
1117     80 
1117     1048 
1118     299 
1118     1005 
1119     11 
1119     734 
1120     248 
1120     593 
1121     62 
1121     105 
1122     38 
1122     428 
1123     325 
1123     658 
1124     800 
1124     1092 
1125     81 
1125     199 
1126     3 
1126     961 
1127     664 
1127     909 
1128     3 
1128     511 
1129     116 
1129     304 
1130     118 
1130     844 
1131     145 
1131     810 
1132     652 
1132     832 
1133     20 
1133     521 
1134     151 
1134     893 
1135     96 
1135     480 
1136     72 
1136     628 
1137     4 
1137     440 
1138     17 
1138     40 
1139     223 
1139     382 
1140     590 
1140     681 
1141     595 
1141     1079 
1142     23 
1142     312 
1143     31 
1143     913 
1144     94 
1144     484 
1145     308 
1145     457 
1146     446 
1146     469 
1147     68 
1147     328 
1148     432 
1148     438 
1149     220 
1149     281 
1150     70 
1150     1023 
1151     152 
1151     598 
1152     137 
1152     963 
1153     153 
1153     345 
1154     298 
1154     624 
1155     456 
1155     967 
1156     91 
1156     733 
1157     137 
1157     665 
1158     291 
1158     495 
1159     264 
1159     337 
1160     505 
1160     1069 
1161     823 
1161     1118 
1162     57 
1162     436 
1163     55 
1163     77 
1164     613 
1164     865 
1165     4 
1165     17 
1166     83 
1166     468 
1167     335 
1167     680 
1168     215 
1168     431 
1169     109 
1169     887 
1170     358 
1170     664 
1171     632 
1171     909 
1172     193 
1172     378 
1173     0 
1173     620 
1174     263 
1174     414 
1175     119 
1175     429 
1176     165 
1176     206 
1177     4 
1177     5 
1178     328 
1178     525 
1179     60 
1179     562 
1180     8 
1180     548 
1181     941 
1181     1086 
1182     319 
1182     807 
1183     52 
1183     248 
1184     258 
1184     695 
1185     883 
1185     973 
1186     85 
1186     1070 
1187     288 
1187     989 
1188     428 
1188     713 
1189     173 
1189     661 
1190     562 
1190     589 
1191     125 
1191     1115 
1192     45 
1192     739 
1193     14 
1193     855 
1194     225 
1194     352 
1195     85 
1195     862 
1196     101 
1196     247 
1197     517 
1197     1112 
1198     263 
1198     381 
1199     107 
1199     443 
1200     65 
1200     201 
1201     457 
1201     801 
1202     102 
1202     165 
1203     281 
1203     1010 
1204     96 
1204     585 
1205     160 
1205     869 
1206     4 
1206     1030 
1207     290 
1207     938 
1208     220 
1208     348 
1209     303 
1209     821 
1210     237 
1210     855 
1211     67 
1211     679 
1212     37 
1212     226 
1213     130 
1213     187 
1214     38 
1214     847 
1215     503 
1215     521 
1216     151 
1216     441 
1217     40 
1217     1112 
1218     347 
1218     501 
1219     35 
1219     766 
1220     150 
1220     1005 
1221     5 
1221     440 
1222     225 
1222     504 
1223     54 
1223     957 
1224     55 
1224     571 
1225     26 
1225     932 
1226     332 
1226     407 
1227     1 
1227     962 
1228     10 
1228     327 
1229     14 
1229     1029 
1230     175 
1230     188 
1231     462 
1231     624 
1232     229 
1232     350 
1233     1 
1233     612 
1234     159 
1234     940 
1235     31 
1235     448 
1236     1 
1236     166 
1237     51 
1237     1058 
1238     38 
1238     967 
1239     16 
1239     31 
1240     645 
1240     1152 
1241     150 
1241     226 
1242     657 
1242     878 
1243     391 
1243     619 
1244     4 
1244     257 
1245     100 
1245     168 
1246     42 
1246     978 
1247     1 
1247     316 
1248     548 
1248     660 
1249     135 
1249     189 
1250     264 
1250     1192 
1251     137 
1251     299 
1252     215 
1252     370 
1253     12 
1253     203 
1254     91 
1254     1018 
1255     254 
1255     401 
1256     331 
1256     1031 
1257     68 
1257     316 
1258     74 
1258     422 
1259     5 
1259     432 
1260     213 
1260     1034 
1261     1036 
1261     1224 
1262     169 
1262     1203 
1263     850 
1263     980 
1264     137 
1264     618 
1265     5 
1265     159 
1266     178 
1266     601 
1267     639 
1267     1220 
1268     5 
1268     190 
1269     408 
1269     450 
1270     79 
1270     648 
1271     404 
1271     672 
1272     740 
1272     861 
1273     60 
1273     89 
1274     163 
1274     1272 
1275     747 
1275     842 
1276     104 
1276     786 
1277     773 
1277     940 
1278     422 
1278     1156 
1279     405 
1279     887 
1280     465 
1280     891 
1281     351 
1281     516 
1282     38 
1282     1260 
1283     91 
1283     1056 
1284     1 
1284     1105 
1285     24 
1285     1083 
1286     1 
1286     595 
1287     221 
1287     390 
1288     43 
1288     759 
1289     103 
1289     1157 
1290     1146 
1290     1180 
1291     349 
1291     702 
1292     288 
1292     528 
1293     50 
1293     977 
1294     183 
1294     809 
1295     385 
1295     438 
1296     46 
1296     99 
1297     240 
1297     421 
1298     236 
1298     310 
1299     97 
1299     699 
1300     57 
1300     190 
1301     8 
1301     539 
1302     13 
1302     141 
1303     15 
1303     421 
1304     544 
1304     816 
1305     604 
1305     883 
1306     8 
1306     1030 
1307     162 
1307     966 
1308     147 
1308     325 
1309     83 
1309     184 
1310     103 
1310     760 
1311     1091 
1311     1156 
1312     438 
1312     610 
1313     319 
1313     1253 
1314     136 
1314     413 
1315     235 
1315     834 
1316     16 
1316     1060 
1317     62 
1317     732 
1318     763 
1318     792 
1319     18 
1319     159 
1320     192 
1320     275 
1321     238 
1321     968 
1322     791 
1322     1141 
1323     471 
1323     563 
1324     194 
1324     561 
1325     39 
1325     658 
1326     57 
1326     67 
1327     303 
1327     702 
1328     214 
1328     370 
1329     77 
1329     608 
1330     110 
1330     894 
1331     646 
1331     841 
1332     6 
1332     782 
1333     37 
1333     254 
1334     97 
1334     144 
1335     185 
1335     471 
1336     45 
1336     319 
1337     290 
1337     626 
1338     71 
1338     1192 
1339     0 
1339     1111 
1340     793 
1340     1231 
1341     280 
1341     1263 
1342     1 
1342     340 
1343     27 
1343     742 
1344     587 
1344     901 
1345     1 
1345     490 
1346     248 
1346     267 
1347     44 
1347     834 
1348     174 
1348     190 
1349     16 
1349     1292 
1350     4 
1350     759 
1351     16 
1351     653 
1352     283 
1352     586 
1353     240 
1353     783 
1354     258 
1354     466 
1355     83 
1355     959 
1356     358 
1356     438 
1357     855 
1357     1158 
1358     86 
1358     829 
1359     58 
1359     156 
1360     647 
1360     887 
1361     47 
1361     703 
1362     8 
1362     930 
1363     37 
1363     649 
1364     18 
1364     1037 
1365     404 
1365     935 
1366     404 
1366     1289 
1367     1 
1367     576 
1368     434 
1368     1276 
1369     68 
1369     209 
1370     19 
1370     288 
1371     43 
1371     533 
1372     137 
1372     905 
1373     67 
1373     205 
1374     126 
1374     1316 
1375     10 
1375     345 
1376     7 
1376     80 
1377     188 
1377     743 
1378     4 
1378     240 
1379     8 
1379     407 
1380     13 
1380     354 
1381     319 
1381     1055 
1382     236 
1382     293 
1383     312 
1383     937 
1384     750 
1384     896 
1385     153 
1385     732 
1386     383 
1386     389 
1387     96 
1387     494 
1388     1050 
1388     1122 
1389     328 
1389     793 
1390     111 
1390     297 
1391     1049 
1391     1238 
1392     155 
1392     557 
1393     37 
1393     171 
1394     97 
1394     643 
1395     259 
1395     502 
1396     14 
1396     443 
1397     10 
1397     89 
1398     105 
1398     225 
1399     587 
1399     973 
1400     1 
1400     8 
1401     8 
1401     85 
1402     38 
1402     1158 
1403     356 
1403     1327 
1404     150 
1404     206 
1405     559 
1405     871 
1406     86 
1406     1278 
1407     37 
1407     67 
1408     150 
1408     226 
1409     109 
1409     464 
1410     23 
1410     1107 
1411     580 
1411     1260 
1412     250 
1412     551 
1413     14 
1413     660 
1414     71 
1414     1178 
1415     1166 
1415     1258 
1416     5 
1416     152 
1417     152 
1417     620 
1418     324 
1418     1013 
1419     255 
1419     917 
1420     563 
1420     1141 
1421     31 
1421     38 
1422     563 
1422     968 
1423     14 
1423     75 
1424     237 
1424     756 
1425     1 
1425     274 
1426     37 
1426     697 
1427     733 
1427     735 
1428     126 
1428     614 
1429     668 
1429     954 
1430     237 
1430     278 
1431     113 
1431     183 
1432     8 
1432     335 
1433     18 
1433     184 
1434     890 
1434     1167 
1435     14 
1435     298 
1436     1163 
1436     1165 
1437     43 
1437     91 
1438     105 
1438     107 
1439     3 
1439     703 
1440     71 
1440     533 
1441     55 
1441     62 
1442     114 
1442     293 
1443     11 
1443     57 
1444     267 
1444     1370 
1445     8 
1445     111 
1446     125 
1446     680 
1447     221 
1447     586 
1448     211 
1448     288 
1449     283 
1449     658 
1450     794 
1450     796 
1451     1 
1451     52 
1452     824 
1452     955 
1453     8 
1453     170 
1454     83 
1454     1005 
1455     45 
1455     859 
1456     1 
1456     14 
1457     26 
1457     234 
1458     359 
1458     491 
1459     234 
1459     1393 
1460     568 
1460     1430 
1461     355 
1461     855 
1462     354 
1462     1224 
1463     0 
1463     440 
1464     36 
1464     40 
1465     949 
1465     1200 
1466     62 
1466     278 
1467     75 
1467     413 
1468     93 
1468     839 
1469     210 
1469     1021 
1470     30 
1470     267 
1471     300 
1471     338 
1472     672 
1472     1259 
1473     31 
1473     1351 
1474     10 
1474     443 
1475     747 
1475     1278 
1476     63 
1476     86 
1477     388 
1477     1115 
1478     13 
1478     371 
1479     3 
1479     8 
1480     19 
1480     540 
1481     282 
1481     1336 
1482     336 
1482     1455 
1483     3 
1483     1107 
1484     16 
1484     1313 
1485     329 
1485     796 
1486     300 
1486     1210 
1487     359 
1487     850 
1488     394 
1488     528 
1489     370 
1489     372 
1490     8 
1490     1209 
1491     15 
1491     350 
1492     4 
1492     401 
1493     342 
1493     1274 
1494     678 
1494     1121 
1495     332 
1495     616 
1496     1117 
1496     1155 
1497     707 
1497     1322 
1498     2 
1498     355 
1499     370 
1499     401 
1500     348 
1500     449 
1501     230 
1501     910 
1502     0 
1502     1476 
1503     1 
1503     6 
1504     327 
1504     844 
1505     499 
1505     808 
1506     163 
1506     718 
1507     616 
1507     1416 
1508     11 
1508     185 
1509     131 
1509     237 
1510     210 
1510     542 
1511     325 
1511     1174 
1512     674 
1512     893 
1513     443 
1513     651 
1514     304 
1514     626 
1515     936 
1515     1380 
1516     646 
1516     1435 
1517     8 
1517     144 
1518     9 
1518     204 
1519     8 
1519     230 
1520     159 
1520     938 
1521     4 
1521     586 
1522     71 
1522     202 
1523     8 
1523     543 
1524     62 
1524     1415 
1525     332 
1525     503 
1526     638 
1526     1132 
1527     57 
1527     226 
1528     348 
1528     1527 
1529     428 
1529     883 
1530     17 
1530     18 
1531     264 
1531     1167 
1532     137 
1532     1299 
1533     57 
1533     1192 
1534     0 
1534     3 
1535     476 
1535     724 
1536     256 
1536     676 
1537     30 
1537     300 
1538     10 
1538     18 
1539     169 
1539     623 
1540     404 
1540     605 
1541     325 
1541     1105 
1542     1051 
1542     1210 
1543     0 
1543     1536 
1544     593 
1544     1048 
1545     1029 
1545     1080 
1546     0 
1546     62 
1547     11 
1547     764 
1548     31 
1548     88 
1549     359 
1549     1367 
1550     173 
1550     219 
1551     641 
1551     947 
1552     378 
1552     950 
1553     906 
1553     1285 
1554     854 
1554     1036 
1555     1058 
1555     1111 
1556     43 
1556     457 
1557     235 
1557     1539 
1558     6 
1558     359 
1559     268 
1559     291 
1560     89 
1560     1293 
1561     130 
1561     166 
1562     414 
1562     436 
1563     554 
1563     1193 
1564     685 
1564     1272 
1565     290 
1565     1341 
1566     109 
1566     1164 
1567     45 
1567     52 
1568     349 
1568     836 
1569     1 
1569     337 
1570     466 
1570     954 
1571     19 
1571     321 
1572     101 
1572     422 
1573     614 
1573     836 
1574     959 
1574     993 
1575     93 
1575     1229 
1576     21 
1576     153 
1577     1 
1577     9 
1578     0 
1578     509 
1579     36 
1579     819 
1580     122 
1580     1430 
1581     8 
1581     96 
1582     75 
1582     1108 
1583     1 
1583     867 
1584     13 
1584     605 
1585     156 
1585     1426 
1586     450 
1586     1462 
1587     953 
1587     1164 
1588     1 
1588     1115 
1589     421 
1589     1306 
1590     0 
1590     699 
1591     146 
1591     509 
1592     15 
1592     23 
1593     503 
1593     1371 
1594     137 
1594     773 
1595     279 
1595     1167 
1596     0 
1596     247 
1597     101 
1597     740 
1598     226 
1598     522 
1599     0 
1599     1531 
1600     8 
1600     480 
1601     101 
1601     340 
1602     14 
1602     793 
1603     298 
1603     1455 
1604     4 
1604     1308 
1605     281 
1605     820 
1606     8 
1606     23 
1607     40 
1607     93 
1608     4 
1608     99 
1609     4 
1609     562 
1610     64 
1610     1218 
1611     1160 
1611     1415 
1612     165 
1612     257 
1613     104 
1613     468 
1614     185 
1614     660 
1615     629 
1615     1505 
1616     421 
1616     748 
1617     379 
1617     896 
1618     16 
1618     375 
1619     476 
1619     668 
1620     230 
1620     290 
1621     6 
1621     413 
1622     91 
1622     92 
1623     428 
1623     851 
1624     89 
1624     203 
1625     8 
1625     551 
1626     12 
1626     44 
1627     834 
1627     971 
1628     4 
1628     691 
1629     6 
1629     17 
1630     230 
1630     319 
1631     1 
1631     537 
1632     252 
1632     1609 
1633     24 
1633     94 
1634     0 
1634     35 
1635     5 
1635     148 
1636     0 
1636     1052 
1637     1085 
1637     1168 
1638     8 
1638     768 
1639     1031 
1639     1267 
1640     310 
1640     350 
1641     10 
1641     238 
1642     714 
1642     1487 
1643     59 
1643     121 
1644     310 
1644     888 
1645     165 
1645     1122 
1646     13 
1646     77 
1647     160 
1647     489 
1648     251 
1648     294 
1649     5 
1649     202 
1650     328 
1650     449 
1651     668 
1651     998 
1652     259 
1652     828 
1653     256 
1653     620 
1654     23 
1654     159 
1655     294 
1655     1051 
1656     80 
1657     1038 
1658     30 
1659     293 
1660     1591 
1661     950 
1662     328 
1663     702 
1664     1594 
1665     86 
1666     616 
1667     131 
1668     1127 
1669     150 
1670     1210 
1671     16 
1672     900 
1673     580 
1674     8 
1675     205 
1676     48 
1677     983 
1678     1308 
1679     13 
1680     74 
1681     716 
1682     43 
1683     21 
1684     72 
1685     1265 
1686     884 
1687     151 
1688     1341 
1689     268 
1690     1057 
1691     1614 
1692     1282 
1693     1 
1694     5 
1695     950 
1696     961 
1697     189 
1698     908 
1699     1264 
1700     218 
1701     187 
1702     162 
1703     86 
1704     1451 
1705     288 
1706     741 
1707     62 
1708     8 
1709     387 
1710     8 
1711     6 
1712     141 
1713     559 
1714     1059 
1715     1654 
1716     290 
1717     446 
1718     667 
1719     821 
1720     213 
1721     135 
1722     616 
1723     329 
1724     140 
1725     1177 
1726     1280 
1727     37 
1728     748 
1729     1706 
1730     1 
1731     606 
1732     2 
1733     633 
1734     119 
1735     89 
1736     1083 
1737     366 
1738     914 
1739     802 
1740     1003 
1741     375 
1742     55 
1743     37 
1744     1224 
1745     545 
1746     267 
1747     5 
1748     1 
1749     377 
1750     82 
1751     77 
1752     145 
1753     209 
1754     1586 
1755     1358 
1756     834 
1757     413 
1758     1389 
1759     1111 
1760     366 
1761     96 
1762     43 
1763     222 
1764     65 
1765     410 
1766     118 
1767     1629 
1768     96 
1769     572 
1770     8 
1771     42 
1772     41 
1773     1610 
1774     1285 
1775     97 
1776     768 
1777     396 
1778     41 
1779     365 
1780     1422 
1781     1187 
1782     668 
1783     1178 
1784     1419 
1785     5 
1786     265 
1787     1720 
1788     15 
1789     776 
1790     482 
1791     422 
1792     334 
1793     217 
1794     452 
1795     555 
1796     96 
1797     834 
1798     305 
1799     45 
1800     1626 
1801     4 
1802     640 
1803     51 
1804     845 
1805     677 
1806     26 
1807     626 
1808     86 
1809     373 
1810     1112 
1811     1624 
1812     133 
1813     81 
1814     558 
1815     1338 
1816     1245 
1817     36 
1818     549 
1819     917 
1820     1512 
1821     151 
1822     1042 
1823     7 
1824     387 
1825     572 
1826     534 
1827     1378 
1828     620 
1829     705 
1830     65 
1831     1078 
1832     445 
1833     329 
1834     477 
1835     52 
1836     290 
1837     901 
1838     450 
1839     676 
1840     96 
1841     627 
1842     352 
1843     1780 
1844     144 
1845     187 
1846     1675 
1847     83 
1848     1643 
1849     1432 
1850     134 
1851     15 
1852     738 
1853     662 
1854     832 
1855     1544 
1856     600 
1857     699 
1858     695 
1859     485 
1860     1719 
1861     66 
1862     30 
1863     52 
1864     909 
1865     1620 
1866     293 
1867     362 
1868     1202 
1869     1803 
1870     1263 
1871     720 
1872     1363 
1873     0 
1874     480 
1875     39 
1876     567 
1877     1561 
1878     146 
1879     762 
1880     351 
1881     21 
1882     107 
1883     15 
1884     433 
1885     1260 
1886     4 
1887     147 
1888     532 
1889     1460 
1890     24 
1891     770 
1892     1438 
1893     136 
1894     160 
1895     1743 
1896     670 
1897     31 
1898     30 
1899     80 
1900     43 
1901     154 
1902     94 
1903     467 
1904     268 
1905     202 
1906     209 
1907     124 
1908     2 
1909     462 
1910     418 
1911     135 
1912     229 
1913     1250 
1914     382 
1915     730 
1916     169 
1917     282 
1918     1320 
1919     444 
1920     1144 
1921     124 
1922     554 
1923     661 
1924     1174 
1925     504 
1926     158 
1927     51 
1928     1083 
1929     19 
1930     10 
1931     349 
1932     792 
1933     226 
1934     236 
1935     4 
1936     1263 
1937     246 
1938     546 
1939     1919 
1940     864 
1941     16 
1942     1394 
1943     1210 
1944     225 
1945     457 
1946     935 
1947     45 
1948     14 
1949     1 
1950     19 
1951     1463 
1952     205 
1953     1315 
1954     460 
1955     1704 
1956     40 
1957     874 
1958     113 
1959     175 
1960     454 
1961     3 
1962     8 
1963     1810 
1964     1072 
1965     1340 
1966     1463 
1967     548 
1968     1407 
1969     77 
1970     63 
1971     10 
1972     665 
1973     6 
1974     222 
1975     59 
1976     96 
1977     227 
1978     299 
1979     310 
1980     576 
1981     446 
1982     1529 
1983     932 
1984     435 
1985     109 
1986     458 
1987     106 
1988     55 
1989     775 
1990     1924 
1991     1804 
1992     1212 
1993     19 
1994     474 
1995     1493 
1996     0 
1997     13 
1998     110 
1999     443 
2000     1868 
2001     201 
2002     1051 
2003     438 
2004     117 
2005     1 
2006     537 
2007     226 
2008     662 
2009     0 
2010     648 
2011     205 
2012     62 
2013     165 
2014     898 
2015     282 
2016     1141 
2017     308 
2018     187 
2019     514 
2020     627 
2021     4 
2022     8 
2023     4 
2024     137 
2025     887 
2026     1160 
2027     421 
2028     1728 
2029     178 
2030     131 
2031     1316 
2032     747 
2033     71 
2034     685 
2035     1409 
2036     1252 
2037     572 
2038     961 
2039     742 
2040     758 
2041     429 
2042     917 
2043     648 
2044     213 
2045     315 
2046     692 
2047     2026 
2048     21 
2049     116 
2050     48 
2051     786 
2052     862 
2053     1409 
2054     40 
2055     1284 
2056     96 
2057     115 
2058     636 
2059     1338 
2060     427 
2061     490 
2062     1106 
2063     560 
2064     1319 
2065     874 
2066     833 
2067     30 
2068     639 
2069     1269 
2070     627 
2071     23 
2072     2044 
2073     116 
2074     546 
2075     427 
2076     1723 
2077     500 
2078     1159 
2079     94 
2080     1515 
2081     1167 
2082     47 
2083     19 
2084     1574 
2085     138 
2086     685 
2087     2072 
2088     863 
2089     1256 
2090     153 
2091     1902 
2092     290 
2093     747 
2094     1279 
2095     237 
2096     227 
2097     747 
2098     354 
2099     321 
2100     153 
2101     1432 
2102     68 
2103     1877 
2104     1085 
2105     1263 
2106     1588 
2107     1846 
2108     1108 
2109     1018 
2110     617 
2111     831 
2112     419 
2113     50 
2114     263 
2115     116 
2116     1631 
2117     156 
2118     887 
2119     1569 
2120     5 
2121     44 
2122     1142 
2123     226 
2124     6 
2125     499 
2126     248 
2127     413 
2128     818 
2129     310 
2130     563 
2131     1173 
2132     57 
2133     8 
2134     1157 
2135     26 
2136     97 
2137     321 
2138     648 
2139     817 
2140     1864 
2141     625 
2142     1216 
2143     664 
2144     163 
2145     1118 
2146     1315 
2147     62 
2148     1253 
2149     1160 
2150     539 
2151     180 
2152     1453 
2153     90 
2154     118 
2155     671 
2156     367 
2157     97 
2158     404 
2159     603 
2160     1489 
2161     742 
2162     1045 
2163     362 
2164     491 
2165     1449 
2166     1208 
2167     2035 
2168     236 
2169     6 
2170     240 
2171     8 
2172     627 
2173     165 
2174     701 
2175     320 
2176     1807 
2177     172 
2178     564 
2179     935 
2180     1 
2181     290 
2182     10 
2183     71 
2184     476 
2185     305 
2186     491 
2187     460 
2188     1 
2189     1977 
2190     536 
2191     218 
2192     241 
2193     633 
2194     468 
2195     319 
2196     1146 
2197     509 
2198     19 
2199     10 
2200     18 
2201     932 
2202     122 
2203     15 
2204     104 
2205     1117 
2206     1161 
2207     627 
2208     157 
2209     340 
2210     77 
2211     1085 
2212     265 
2213     802 
2214     864 
2215     2212 
2216     18 
2217     1621 
2218     763 
2219     1059 
2220     30 
2221     49 
2222     322 
2223     156 
2224     0 
2225     1530 
2226     8 
2227     1623 
2228     67 
2229     1002 
2230     1477 
2231     2085 
2232     331 
2233     80 
2234     428 
2235     912 
2236     32 
2237     226 
2238     18 
2239     1169 
2240     4 
2241     5 
2242     305 
2243     1215 
2244     227 
2245     951 
2246     831 
2247     1542 
2248     1149 
2249     1252 
2250     1278 
2251     44 
2252     1092 
2253     302 
2254     285 
2255     926 
2256     66 
2257     4 
2258     1415 
2259     876 
2260     1417 
2261     451 
2262     290 
2263     111 
2264     191 
2265     1380 
2266     351 
2267     1813 
2268     6 
2269     835 
2270     1598 
2271     1846 
2272     68 
2273     1177 
2274     1455 
2275     1045 
2276     240 
2277     723 
2278     1613 
2279     102 
2280     511 
2281     1436 
2282     43 
2283     1186 
2284     579 
2285     1321 
2286     1544 
2287     796 
2288     15 
2289     1030 
2290     35 
2291     317 
2292     127 
2293     2254 
2294     15 
2295     237 
2296     215 
2297     296 
2298     224 
2299     222 
2300     449 
2301     1042 
2302     390 
2303     1134 
2304     1 
2305     1704 
2306     164 
2307     894 
2308     422 
2309     190 
2310     1536 
2311     293 
2312     1281 
2313     516 
2314     2 
2315     906 
2316     1274 
2317     1498 
2318     89 
2319     564 
2320     89 
2321     173 
2322     1151 
2323     171 
2324     1600 
2325     1521 
2326     46 
2327     653 
2328     658 
2329     1789 
2330     43 
2331     184 
2332     373 
2333     264 
2334     294 
2335     303 
2336     1524 
2337     816 
2338     200 
2339     3 
2340     871 
2341     145 
2342     30 
2343     1529 
2344     923 
2345     837 
2346     1656 
2347     1312 
2348     997 
2349     539 
2350     1325 
2351     571 
2352     256 
2353     1504 
2354     109 
2355     213 
2356     1827 
2357     1700 
2358     993 
2359     1401 
2360     958 
2361     2244 
2362     591 
2363     893 
2364     136 
2365     54 
2366     1188 
2367     1501 
2368     937 
2369     10 
2370     1927 
2371     786 
2372     2114 
2373     790 
2374     1621 
2375     658 
2376     1278 
2377     485 
2378     110 
2379     1805 
2380     370 
2381     1190 
2382     325 
2383     1023 
2384     397 
2385     2190 
2386     48 
2387     1585 
2388     1475 
2389     2290 
2390     60 
2391     319 
2392     97 
2393     440 
2394     247 
2395     820 
2396     491 
2397     2198 
2398     325 
2399     1378 
2400     324 
2401     656 
2402     1274 
2403     628 
2404     15 
2405     1111 
2406     383 
2407     1858 
2408     537 
2409     647 
2410     30 
2411     4 
2412     19 
2413     990 
2414     881 
2415     647 
2416     422 
2417     2284 
2418     289 
2419     401 
2420     1815 
2421     202 
2422     1880 
2423     553 
2424     43 
2425     989 
2426     384 
2427     1891 
2428     107 
2429     2258 
2430     1056 
2431     8 
2432     1041 
2433     2337 
2434     1031 
2435     633 
2436     103 
2437     217 
2438     1742 
2439     17 
2440     438 
2441     1318 
2442     871 
2443     4 
2444     1389 
2445     495 
2446     685 
2447     373 
2448     1249 
2449     796 
2450     2138 
2451     46 
2452     93 
2453     165 
2454     248 
2455     2330 
2456     157 
2457     10 
2458     1456 
2459     2028 
2460     1313 
2461     176 
2462     1236 
2463     571 
2464     1029 
2465     1357 
2466     1016 
2467     67 
2468     612 
2469     1223 
2470     125 
2471     610 
2472     2167 
2473     664 
2474     1687 
2475     1089 
2476     1455 
2477     43 
2478     37 
2479     542 
2480     494 
2481     8 
2482     166 
2483     926 
2484     1006 
2485     283 
2486     358 
2487     1044 
2488     946 
2489     325 
2490     959 
2491     1043 
2492     681 
2493     2040 
2494     914 
2495     841 
2496     428 
2497     1814 
2498     728 
2499     1121 
2500     298 
2501     23 
2502     26 
2503     23 
2504     105 
2505     1712 
2506     23 
2507     0 
2508     513 
2509     348 
2510     658 
2511     80 
2512     351 
2513     85 
2514     358 
2515     152 
2516     1164 
2517     509 
2518     1587 
2519     304 
2520     1615 
2521     1416 
2522     1049 
2523     430 
2524     1305 
2525     1952 
2526     39 
2527     1383 
2528     233 
2529     1427 
2530     194 
2531     234 
2532     555 
2533     200 
2534     268 
2535     1065 
2536     1902 
2537     1265 
2538     449 
2539     186 
2540     1 
2541     13 
2542     1 
2543     842 
2544     404 
2545     185 
2546     617 
2547     511 
2548     4 
2549     691 
2550     36 
2551     462 
2552     1435 
2553     2431 
2554     843 
2555     528 
2556     1 
2557     783 
2558     1801 
2559     51 
2560     1018 
2561     19 
2562     937 
2563     211 
2564     2052 
2565     85 
2566     64 
2567     10 
2568     749 
2569     327 
2570     628 
2571     1986 
2572     56 
2573     1194 
2574     1263 
2575     31 
2576     96 
2577     141 
2578     4 
2579     514 
2580     18 
2581     1846 
2582     1553 
2583     471 
2584     2133 
2585     1284 
2586     1 
2587     2201 
2588     200 
2589     379 
2590     480 
2591     6 
2592     74 
2593     2198 
2594     1007 
2595     2372 
2596     999 
2597     2318 
2598     85 
2599     56 
2600     255 
2601     557 
2602     1186 
2603     2392 
2604     8 
2605     35 
2606     604 
2607     1426 
2608     40 
2609     311 
2610     1687 
2611     724 
2612     1677 
2613     846 
2614     8 
2615     270 
2616     629 
2617     325 
2618     1186 
2619     343 
2620     64 
2621     314 
2622     1194 
2623     462 
2624     1711 
2625     3 
2626     4 
2627     640 
2628     8 
2629     1875 
2630     62 
2631     663 
2632     1683 
2633     319 
2634     2227 
2635     881 
2636     72 
2637     834 
2638     83 
2639     70 
2640     1956 
2641     955 
2642     38 
2643     337 
2644     80 
2645     345 
2646     0 
2647     957 
2648     589 
2649     150 
2650     2 
2651     382 
2652     1348 
2653     1466 
2654     2395 
2655     137 
2656     2463 
2657     740 
2658     1250 
2659     2180 
2660     2054 
2661     916 
2662     186 
2663     51 
2664     499 
2665     107 
2666     231 
2667     1113 
2668     75 
2669     973 
2670     949 
2671     708 
2672     101 
2673     366 
2674     873 
2675     1096 
2676     746 
2677     8 
2678     605 
2679     890 
2680     1226 
2681     739 
2682     22 
2683     1900 
2684     629 
2685     878 
2686     462 
2687     415 
2688     1461 
2689     702 
2690     908 
2691     355 
2692     2666 
2693     304 
2694     2376 
2695     97 
2696     421 
2697     667 
2698     1055 
2699     1 
2700     1421 
2701     630 
2702     1048 
2703     1378 
2704     56 
2705     598 
2706     310 
2707     630 
2708     0 
2709     3 
2710     541 
2711     4 
2712     291 
2713     16 
2714     402 
2715     355 
2716     31 
2717     633 
2718     358 
2719     1224 
2720     61 
2721     1167 
2722     2270 
2723     1031 
2724     1578 
2725     9 
2726     1 
2727     275 
2728     60 
2729     1154 
2730     169 
2731     352 
2732     23 
2733     94 
2734     56 
2735     20 
2736     238 
2737     94 
2738     760 
2739     37 
2740     1569 
2741     1458 
2742     1330 
2743     1324 
2744     604 
2745     1331 
2746     1282 
2747     525 
2748     629 
2749     1458 
2750     1142 
2751     740 
2752     463 
2753     9 
2754     1405 
2755     101 
2756     43 
2757     386 
2758     572 
2759     298 
2760     474 
2761     843 
2762     199 
2763     228 
2764     1272 
2765     278 
2766     682 
2767     96 
2768     4 
2769     1706 
2770     159 
2771     616 
2772     2698 
2773     834 
2774     491 
2775     37 
2776     184 
2777     1276 
2778     211 
2779     1460 
2780     284 
2781     47 
2782     645 
2783     1 
2784     232 
2785     628 
2786     702 
2787     329 
2788     82 
2789     237 
2790     2530 
2791     491 
2792     1186 
2793     8 
2794     1272 
2795     441 
2796     1354 
2797     404 
2798     253 
2799     298 
2800     2603 
2801     219 
2802     2679 
2803     2163 
2804     771 
2805     462 
2806     616 
2807     997 
2808     1190 
2809     3 
2810     15 
2811     19 
2812     2765 
2813     48 
2814     2064 
2815     222 
2816     1034 
2817     2276 
2818     1754 
2819     52 
2820     780 
2821     189 
2822     169 
2823     975 
2824     1117 
2825     612 
2826     1595 
2827     2463 
2828     1411 
2829     1902 
2830     42 
2831     936 
2832     325 
2833     727 
2834     394 
2835     618 
2836     2191 
2837     93 
2838     1601 
2839     1722 
2840     1493 
2841     247 
2842     222 
2843     2715 
2844     328 
2845     798 
2846     2249 
2847     485 
2848     37 
2849     1553 
2850     2686 
2851     314 
2852     590 
2853     125 
2854     379 
2855     1091 
2856     18 
2857     1741 
2858     2848 
2859     9 
2860     2202 
2861     661 
2862     428 
2863     1236 
2864     305 
2865     104 
2866     1160 
2867     38 
2868     1000 
2869     1296 
2870     43 
2871     148 
2872     2847 
2873     131 
2874     1698 
2875     1316 
2876     554 
2877     320 
2878     1 
2879     15 
2880     2843 
2881     65 
2882     96 
2883     463 
2884     1650 
2885     931 
2886     1315 
2887     228 
2888     438 
2889     494 
2890     1439 
2891     548 
2892     422 
2893     598 
2894     319 
2895     40 
2896     1 
2897     0 
2898     1200 
2899     2612 
2900     730 
2901     38 
2902     184 
2903     1590 
2904     2282 
2905     1345 
2906     1679 
2907     304 
2908     1226 
2909     1178 
2910     104 
2911     1045 
2912     152 
2913     216 
2914     670 
2915     5 
2916     121 
2917     10 
2918     467 
2919     221 
2920     2340 
2921     2558 
2922     19 
2923     2245 
2924     96 
2925     1 
2926     1146 
2927     513 
2928     798 
2929     473 
2930     169 
2931     29 
2932     1021 
2933     59 
2934     668 
2935     402 
2936     1110 
2937     823 
2938     93 
2939     543 
2940     834 
2941     71 
2942     2159 
2943     1295 
2944     18 
2945     1101 
2946     676 
2947     348 
2948     188 
2949     816 
2950     894 
2951     69 
2952     571 
2953     1945 
2954     1468 
2955     200 
2956     669 
2957     539 
2958     468 
2959     1927 
2960     1234 
2961     206 
2962     43 
2963     1074 
2964     364 
2965     2173 
2966     481 
2967     387 
2968     631 
2969     1548 
2970     298 
2971     1065 
2972     62 
2973     2795 
2974     133 
2975     1041 
2976     397 
2977     6 
2978     821 
2979     147 
2980     36 
2981     11 
2982     2776 
2983     1313 
2984     6 
2985     376 
2986     1949 
2987     1177 
2988     1494 
2989     85 
2990     2423 
2991     673 
2992     13 
2993     305 
2994     23 
2995     0 
2996     760 
2997     1506 
2998     558 
2999     846 
3000     140 
3001     8 
3002     1246 
3003     186 
3004     1119 
3005     4 
3006     302 
3007     180 
3008     343 
3009     2911 
3010     2179 
3011     1634 
3012     2137 
3013     1233 
3014     8 
3015     347 
3016     202 
3017     103 
3018     71 
3019     37 
3020     1692 
3021     866 
3022     206 
3023     2127 
3024     1292 
3025     1151 
3026     2371 
3027     255 
3028     2941 
3029     351 
3030     1122 
3031     2646 
3032     1172 
3033     526 
3034     2858 
3035     99 
3036     1660 
3037     610 
3038     20 
3039     1122 
3040     1553 
3041     177 
3042     2028 
3043     159 
3044     1431 
3045     789 
3046     1508 
3047     1492 
3048     1507 
3049     1940 
3050     574 
3051     2086 
3052     1902 
3053     3 
3054     24 
3055     614 
3056     83 
3057     541 
3058     1362 
3059     1114 
3060     1263 
3061     1589 
3062     174 
3063     662 
3064     2841 
3065     328 
3066     1075 
3067     150 
3068     1719 
3069     8 
3070     2118 
3071     2899 
3072     831 
3073     11 
3074     902 
3075     2249 
3076     68 
3077     1339 
3078     148 
3079     110 
3080     674 
3081     1363 
3082     586 
3083     786 
3084     129 
3085     2999 
3086     36 
3087     1155 
3088     1315 
3089     150 
3090     1212 
3091     122 
3092     222 
3093     321 
3094     1410 
3095     1 
3096     669 
3097     740 
3098     222 
3099     7 
3100     33 
3101     2245 
3102     327 
3103     445 
3104     67 
3105     1170 
3106     246 
3107     119 
3108     16 
3109     0 
3110     1185 
3111     1173 
3112     89 
3113     89 
3114     541 
3115     4 
3116     68 
3117     920 
3118     1322 
3119     74 
3120     0 
3121     19 
3122     1235 
3123     739 
3124     280 
3125     8 
3126     180 
3127     1007 
3128     58 
3129     1252 
3130     290 
3131     1272 
3132     386 
3133     1455 
3134     68 
3135     173 
3136     2407 
3137     1336 
3138     642 
3139     2356 
3140     724 
3141     2713 
3142     295 
3143     476 
3144     66 
3145     553 
3146     511 
3147     830 
3148     966 
3149     2558 
3150     713 
3151     1055 
3152     23 
3153     702 
3154     3 
3155     418 
3156     33 
3157     4 
3158     116 
3159     810 
3160     563 
3161     997 
3162     809 
3163     1142 
3164     854 
3165     1861 
3166     297 
3167     633 
3168     1288 
3169     1190 
3170     2435 
3171     1969 
3172     69 
3173     1099 
3174     909 
3175     1234 
3176     85 
3177     463 
3178     424 
3179     33 
3180     147 
3181     8 
3182     174 
3183     462 
3184     509 
3185     2826 
3186     2213 
3187     115 
3188     813 
3189     43 
3190     729 
3191     1059 
3192     1437 
3193     1398 
3194     290 
3195     2175 
3196     1598 
3197     883 
3198     80 
3199     1270 
3200     104 
3201     474 
3202     440 
3203     2337 
3204     463 
3205     1629 
3206     75 
3207     2715 
3208     8 
3209     445 
3210     97 
3211     963 
3212     24 
3213     2788 
3214     801 
3215     620 
3216     878 
3217     900 
3218     17 
3219     1119 
3220     1340 
3221     537 
3222     637 
3223     215 
3224     1268 
3225     167 
3226     605 
3227     2442 
3228     464 
3229     53 
3230     1208 
3231     298 
3232     2504 
3233     96 
3234     1657 
3235     2605 
3236     1524 
3237     100 
3238     44 
3239     213 
3240     173 
3241     1921 
3242     281 
3243     440 
3244     288 
3245     333 
3246     647 
3247     97 
3248     525 
3249     1655 
3250     656 
3251     1288 
3252     1143 
3253     401 
3254     273 
3255     1684 
3256     614 
3257     2350 
3258     21 
3259     3036 
3260     64 
3261     93 
3262     974 
3263     2336 
3264     1267 
3265     180 
3266     361 
3267     3238 
3268     933 
3269     155 
3270     60 
3271     712 
3272     20 
3273     256 
3274     1 
3275     1279 
3276     1094 
3277     673 
3278     153 
3279     855 
3280     228 
3281     740 
3282     330 
3283     355 
3284     1841 
3285     15 
3286     178 
3287     95 
3288     1891 
3289     3189 
3290     76 
3291     1026 
3292     445 
3293     1550 
3294     1090 
3295     692 
3296     2953 
3297     24 
3298     4 
3299     652 
3300     111 
3301     2219 
3302     140 
3303     105 
3304     3246 
3305     786 
3306     837 
3307     325 
3308     3278 
3309     1031 
3310     532 
3311     38 
3312     760 
3313     885 
3314     2040 
3315     382 
3316     509 
3317     484 
3318     91 
3319     1598 
3320     510 
3321     1706 
3322     756 
3323     1357 
3324     3 
3325     724 
3326     1511 
3327     714 
3328     598 
3329     195 
3330     27 
3331     489 
3332     670 
3333     885 
3334     135 
3335     747 
3336     2563 
3337     1536 
3338     133 
3339     626 
3340     935 
3341     21 
3342     111 
3343     1356 
3344     1205 
3345     1656 
3346     1 
3347     1399 
3348     2077 
3349     3253 
3350     1178 
3351     3253 
3352     109 
3353     1784 
3354     91 
3355     3006 
3356     350 
3357     2796 
3358     383 
3359     2415 
3360     618 
3361     0 
3362     3177 
3363     739 
3364     268 
3365     1575 
3366     222 
3367     186 
3368     948 
3369     255 
3370     505 
3371     457 
3372     3 
3373     3029 
3374     94 
3375     1238 
3376     67 
3377     726 
3378     64 
3379     641 
3380     244 
3381     554 
3382     633 
3383     702 
3384     398 
3385     735 
3386     828 
3387     936 
3388     174 
3389     3207 
3390     402 
3391     288 
3392     14 
3393     2971 
3394     1127 
3395     1370 
3396     267 
3397     1048 
3398     226 
3399     2553 
3400     187 
3401     62 
3402     222 
3403     3022 
3404     936 
3405     320 
3406     553 
3407     362 
3408     351 
3409     109 
3410     720 
3411     557 
3412     19 
3413     500 
3414     51 
3415     3362 
3416     173 
3417     649 
3418     485 
3419     4 
3420     332 
3421     1383 
3422     146 
3423     365 
3424     6 
3425     1113 
3426     1723 
3427     537 
3428     137 
3429     859 
3430     1784 
3431     1539 
3432     89 
3433     1159 
3434     1 
3435     0 
3436     474 
3437     236 
3438     179 
3439     139 
3440     184 
3441     15 
3442     327 
3443     441 
3444     2041 
3445     480 
3446     160 
3447     288 
3448     58 
3449     187 
3450     1820 
3451     1326 
3452     19 
3453     304 
3454     354 
3455     130 
3456     3 
3457     4 
3458     3281 
3459     2850 
3460     2513 
3461     319 
3462     294 
3463     103 
3464     1645 
3465     489 
3466     950 
3467     1 
3468     0 
3469     172 
3470     111 
3471     89 
3472     697 
3473     1324 
3474     852 
3475     1489 
3476     1899 
3477     805 
3478     3314 
3479     1010 
3480     631 
3481     529 
3482     1 
3483     661 
3484     751 
3485     826 
3486     696 
3487     319 
3488     813 
3489     2752 
3490     1177 
3491     830 
3492     281 
3493     1846 
3494     190 
3495     3061 
3496     185 
3497     2255 
3498     702 
3499     554 
3500     74 
3501     29 
3502     1048 
3503     2330 
3504     365 
3505     699 
3506     379 
3507     2251 
3508     2539 
3509     1261 
3510     2784 
3511     1553 
3512     2153 
3513     33 
3514     1137 
3515     486 
3516     55 
3517     97 
3518     2484 
3519     0 
3520     140 
3521     1115 
3522     1110 
3523     2798 
3524     1618 
3525     151 
3526     145 
3527     10 
3528     1980 
3529     278 
3530     8 
3531     1799 
3532     1080 
3533     8 
3534     2082 
3535     205 
3536     271 
3537     359 
3538     650 
3539     409 
3540     274 
3541     329 
3542     1688 
3543     2847 
3544     967 
3545     288 
3546     18 
3547     359 
3548     330 
3549     2056 
3550     6 
3551     796 
3552     210 
3553     786 
3554     91 
3555     8 
3556     1354 
3557     2972 
3558     1014 
3559     2897 
3560     3074 
3561     1 
3562     1242 
3563     1050 
3564     376 
3565     191 
3566     864 
3567     1455 
3568     1429 
3569     62 
3570     2270 
3571     98 
3572     649 
3573     74 
3574     2854 
3575     2 
3576     319 
3577     2848 
3578     96 
3579     1141 
3580     185 
3581     2993 
3582     1246 
3583     2712 
3584     130 
3585     408 
3586     38 
3587     74 
3588     537 
3589     168 
3590     733 
3591     662 
3592     48 
3593     967 
3594     2074 
3595     881 
3596     947 
3597     237 
3598     941 
3599     821 
3600     200 
3601     463 
3602     1228 
3603     215 
3604     1606 
3605     294 
3606     3241 
3607     1190 
3608     71 
3609     1172 
3610     1326 
3611     492 
3612     525 
3613     319 
3614     3258 
3615     520 
3616     144 
3617     1772 
3618     513 
3619     180 
3620     2431 
3621     1846 
3622     195 
3623     394 
3624     202 
3625     17 
3626     1414 
3627     2159 
3628     404 
3629     424 
3630     57 
3631     788 
3632     572 
3633     1356 
3634     901 
3635     4 
3636     352 
3637     10 
3638     593 
3639     331 
3640     24 
3641     209 
3642     587 
3643     3611 
3644     1267 
3645     1567 
3646     3541 
3647     51 
3648     770 
3649     166 
3650     682 
3651     4 
3652     91 
3653     815 
3654     300 
3655     680 
3656     1158 
3657     887 
3658     5 
3659     836 
3660     23 
3661     141 
3662     484 
3663     337 
3664     1074 
3665     270 
3666     3207 
3667     662 
3668     1134 
3669     189 
3670     349 
3671     759 
3672     2402 
3673     291 
3674     1057 
3675     113 
3676     2727 
3677     941 
3678     70 
3679     4 
3680     3074 
3681     4 
3682     2485 
3683     1585 
3684     429 
3685     355 
3686     77 
3687     319 
3688     240 
3689     893 
3690     8 
3691     547 
3692     3643 
3693     491 
3694     402 
3695     248 
3696     1171 
3697     2035 
3698     242 
3699     1704 
3700     246 
3701     3512 
3702     1486 
3703     1720 
3704     1215 
3705     1856 
3706     1663 
3707     321 
3708     1 
3709     316 
3710     67 
3711     74 
3712     2353 
3713     2416 
3714     116 
3715     3300 
3716     720 
3717     468 
3718     1392 
3719     97 
3720     18 
3721     211 
3722     1375 
3723     8 
3724     3510 
3725     115 
3726     3691 
3727     329 
3728     789 
3729     909 
3730     108 
3731     236 
3732     2511 
3733     21 
3734     737 
3735     1699 
3736     1647 
3737     297 
3738     2418 
3739     519 
3740     519 
3741     404 
3742     160 
3743     938 
3744     359 
3745     3 
3746     2229 
3747     8 
3748     94 
3749     911 
3750     1891 
3751     1746 
3752     48 
3753     591 
3754     3645 
3755     10 
3756     2431 
3757     415 
3758     292 
3759     2203 
3760     306 
3761     83 
3762     1576 
3763     3441 
3764     3499 
3765     1005 
3766     362 
3767     482 
3768     2639 
3769     433 
3770     1861 
3771     429 
3772     39 
3773     1632 
3774     37 
3775     1377 
3776     1245 
3777     2820 
3778     1122 
3779     692 
3780     1164 
3781     2455 
3782     9 
3783     1729 
3784     1583 
3785     43 
3786     5 
3787     135 
3788     86 
3789     1603 
3790     1569 
3791     965 
3792     698 
3793     2178 
3794     35 
3795     148 
3796     96 
3797     475 
3798     3437 
3799     2941 
3800     1 
3801     333 
3802     1455 
3803     658 
3804     429 
3805     256 
3806     21 
3807     489 
3808     37 
3809     311 
3810     147 
3811     222 
3812     188 
3813     1626 
3814     2454 
3815     681 
3816     3027 
3817     96 
3818     1363 
3819     1308 
3820     40 
3821     897 
3822     3550 
3823     1435 
3824     563 
3825     1289 
3826     598 
3827     3759 
3828     3580 
3829     18 
3830     1320 
3831     1299 
3832     422 
3833     351 
3834     2639 
3835     1990 
3836     1435 
3837     2561 
3838     2263 
3839     6 
3840     180 
3841     2816 
3842     472 
3843     2055 
3844     962 
3845     676 
3846     440 
3847     72 
3848     1657 
3849     502 
3850     256 
3851     2540 
3852     557 
3853     832 
3854     1527 
3855     1338 
3856     2215 
3857     2220 
3858     14 
3859     1338 
3860     824 
3861     94 
3862     21 
3863     606 
3864     3194 
3865     848 
3866     362 
3867     168 
3868     3551 
3869     907 
3870     862 
3871     229 
3872     1999 
3873     2836 
3874     116 
3875     491 
3876     300 
3877     329 
3878     407 
3879     1617 
3880     133 
3881     23 
3882     150 
3883     2022 
3884     152 
3885     2966 
3886     441 
3887     249 
3888     724 
3889     1 
3890     1354 
3891     0 
3892     1117 
3893     3424 
3894     1454 
3895     3409 
3896     1282 
3897     2847 
3898     3808 
3899     935 
3900     1711 
3901     421 
3902     148 
3903     218 
3904     2237 
3905     1215 
3906     632 
3907     2778 
3908     415 
3909     947 
3910     55 
3911     122 
3912     236 
3913     469 
3914     1591 
3915     1070 
3916     1982 
3917     1448 
3918     742 
3919     5 
3920     1154 
3921     32 
3922     1281 
3923     257 
3924     1114 
3925     1583 
3926     3548 
3927     1600 
3928     14 
3929     1617 
3930     14 
3931     1332 
3932     165 
3933     832 
3934     731 
3935     319 
3936     1185 
3937     1110 
3938     5 
3939     89 
3940     571 
3941     576 
3942     1376 
3943     1557 
3944     291 
3945     748 
3946     1858 
3947     390 
3948     286 
3949     366 
3950     2663 
3951     399 
3952     23 
3953     33 
3954     3096 
3955     2553 
3956     296 
3957     1280 
3958     352 
3959     1 
3960     236 
3961     572 
3962     1534 
3963     93 
3964     340 
3965     267 
3966     1238 
3967     1415 
3968     130 
3969     2599 
3970     256 
3971     11 
3972     976 
3973     1946 
3974     2012 
3975     213 
3976     243 
3977     51 
3978     244 
3979     111 
3980     121 
3981     1 
3982     19 
3983     2102 
3984     3755 
3985     3534 
3986     537 
3987     4 
3988     2883 
3989     605 
3990     2778 
3991     298 
3992     101 
3993     1263 
3994     839 
3995     1588 
3996     1439 
3997     3542 
3998     2868 
3999     1107 
4000     2675 
4001     1266 
4002     16 
4003     3457 
4004     10 
4005     3721 
4006     832 
4007     30 
4008     926 
4009     3467 
4010     60 
4011     780 
4012     658 
4013     996 
4014     263 
4015     299 
4016     15 
4017     2295 
4018     84 
4019     441 
4020     14 
4021     256 
4022     1 
4023     23 
4024     1101 
4025     13 
4026     254 
4027     1207 
4028     1243 
4029     266 
4030     957 
4031     816 
4032     348 
4033     2395 
4034     165 
4035     1 
4036     2246 
4037     3057 
4038     1789 
4039     313 
4040     113 
4041     465 
4042     730 
4043     3754 
4044     2376 
4045     3036 
4046     837 
4047     3 
4048     3840 
4049     132 
4050     65 
4051     599 
4052     1186 
4053     753 
4054     641 
4055     772 
4056     1024 
4057     62 
4058     3541 
4059     2861 
4060     196 
4061     1453 
4062     1631 
4063     188 
4064     847 
4065     458 
4066     18 
4067     2203 
4068     222 
4069     37 
4070     3580 
4071     1192 
4072     235 
4073     297 
4074     1623 
4075     695 
4076     248 
4077     305 
4078     811 
4079     51 
4080     1958 
4081     234 
4082     457 
4083     15 
4084     3367 
4085     4028 
4086     24 
4087     1538 
4088     1043 
4089     388 
4090     890 
4091     8 
4092     1591 
4093     539 
4094     452 
4095     1319 
4096     1204 
4097     213 
4098     628 
4099     236 
4100     268 
4101     2440 
4102     1408 
4103     576 
4104     662 
4105     2279 
4106     4 
4107     1585 
4108     4 
4109     13 
4110     1810 
4111     222 
4112     5 
4113     214 
4114     829 
4115     56 
4116     20 
4117     2338 
4118     31 
4119     460 
4120     637 
4121     1190 
4122     3929 
4123     64 
4124     172 
4125     95 
4126     2127 
4127     3844 
4128     16 
4129     1466 
4130     2505 
4131     1822 
4132     394 
4133     1031 
4134     2199 
4135     226 
4136     298 
4137     730 
4138     1988 
4139     1426 
4140     8 
4141     1253 
4142     1021 
4143     1263 
4144     179 
4145     1194 
4146     419 
4147     51 
4148     513 
4149     1254 
4150     1411 
4151     633 
4152     2725 
4153     805 
4154     420 
4155     2871 
4156     1403 
4157     1559 
4158     2563 
4159     3007 
4160     89 
4161     574 
4162     4 
4163     764 
4164     2025 
4165     1247 
4166     3190 
4167     2483 
4168     216 
4169     2322 
4170     1 
4171     3646 
4172     37 
4173     151 
4174     1402 
4175     0 
4176     407 
4177     152 
4178     2691 
4179     2419 
4180     4082 
4181     3393 
4182     40 
4183     936 
4184     3555 
4185     1697 
4186     95 
4187     30 
4188     1637 
4189     545 
4190     1125 
4191     3309 
4192     2567 
4193     1 
4194     55 
4195     1730 
4196     792 
4197     558 
4198     3800 
4199     2011 
4200     2237 
4201     1331 
4202     1371 
4203     421 
4204     2 
4205     2049 
4206     77 
4207     115 
4208     647 
4209     1036 
4210     1 
4211     1044 
4212     2537 
4213     4 
4214     908 
4215     1530 
4216     2318 
4217     645 
4218     1749 
4219     1169 
4220     325 
4221     1288 
4222     1313 
4223     2443 
4224     663 
4225     122 
4226     31 
4227     62 
4228     378 
4229     1456 
4230     212 
4231     1875 
4232     2273 
4233     3638 
4234     1194 
4235     443 
4236     1243 
4237     388 
4238     68 
4239     1895 
4240     454 
4241     1113 
4242     599 
4243     2594 
4244     3282 
4245     388 
4246     44 
4247     2229 
4248     3075 
4249     305 
4250     558 
4251     3939 
4252     2521 
4253     722 
4254     1388 
4255     3945 
4256     648 
4257     525 
4258     64 
4259     1355 
4260     35 
4261     1321 
4262     1159 
4263     43 
4264     188 
4265     2332 
4266     248 
4267     3540 
4268     1941 
4269     979 
4270     1814 
4271     15 
4272     1107 
4273     2456 
4274     1113 
4275     1791 
4276     4 
4277     1627 
4278     708 
4279     467 
4280     2980 
4281     52 
4282     1 
4283     485 
4284     1282 
4285     122 
4286     1435 
4287     1314 
4288     1332 
4289     157 
4290     421 
4291     407 
4292     928 
4293     4 
4294     462 
4295     1306 
4296     243 
4297     1561 
4298     3286 
4299     937 
4300     889 
4301     2857 
4302     1226 
4303     533 
4304     209 
4305     195 
4306     1356 
4307     298 
4308     1245 
4309     2857 
4310     997 
4311     1333 
4312     483 
4313     1308 
4314     1318 
4315     43 
4316     1373 
4317     4135 
4318     35 
4319     191 
4320     101 
4321     41 
4322     3568 
4323     398 
4324     4195 
4325     1808 
4326     2421 
4327     43 
4328     939 
4329     1076 
4330     680 
4331     3101 
4332     3534 
4333     8 
4334     753 
4335     3645 
4336     1534 
4337     85 
4338     793 
4339     2524 
4340     1613 
4341     5 
4342     614 
4343     16 
4344     2040 
4345     305 
4346     537 
4347     2761 
4348     3779 
4349     973 
4350     227 
4351     480 
4352     1615 
4353     85 
4354     1 
4355     64 
4356     844 
4357     89 
4358     725 
4359     4 
4360     40 
4361     310 
4362     1340 
4363     1082 
4364     23 
4365     2407 
4366     52 
4367     4001 
4368     593 
4369     79 
4370     562 
4371     1115 
4372     201 
4373     1562 
4374     2507 
4375     509 
4376     2011 
4377     662 
4378     1183 
4379     329 
4380     380 
4381     3 
4382     1601 
4383     1366 
4384     91 
4385     7 
4386     31 
4387     70 
4388     23 
4389     2011 
4390     106 
4391     74 
4392     3809 
4393     605 
4394     2127 
4395     1531 
4396     1719 
4397     1548 
4398     1055 
4399     518 
4400     1142 
4401     101 
4402     1688 
4403     603 
4404     906 
4405     662 
4406     3633 
4407     399 
4408     851 
4409     3977 
4410     1439 
4411     2249 
4412     2341 
4413     1250 
4414     2043 
4415     2843 
4416     10 
4417     1588 
4418     18 
4419     257 
4420     428 
4421     1233 
4422     23 
4423     8 
4424     386 
4425     357 
4426     722 
4427     1029 
4428     1545 
4429     1449 
4430     3201 
4431     747 
4432     2670 
4433     1304 
4434     3027 
4435     669 
4436     1976 
4437     43 
4438     792 
4439     4209 
4440     828 
4441     936 
4442     2203 
4443     1111 
4444     109 
4445     2761 
4446     388 
4447     888 
4448     1920 
4449     85 
4450     3793 
4451     605 
4452     190 
4453     3872 
4454     46 
4455     394 
4456     156 
4457     171 
4458     2142 
4459     14 
4460     973 
4461     411 
4462     6 
4463     3 
4464     3276 
4465     299 
4466     180 
4467     2039 
4468     8 
4469     1447 
4470     1343 
4471     645 
4472     658 
4473     144 
4474     1200 
4475     1321 
4476     201 
4477     325 
4478     8 
4479     1358 
4480     3427 
4481     1535 
4482     111 
4483     564 
4484     92 
4485     3532 
4486     546 
4487     854 
4488     3785 
4489     2181 
4490     732 
4491     632 
4492     97 
4493     166 
4494     17 
4495     715 
4496     8 
4497     529 
4498     48 
4499     2326 
4500     871 
4501     2753 
4502     1780 
4503     498 
4504     410 
4505     782 
4506     341 
4507     1933 
4508     261 
4509     40 
4510     450 
4511     777 
4512     159 
4513     538 
4514     16 
4515     941 
4516     0 
4517     10 
4518     3882 
4519     8 
4520     805 
4521     792 
4522     675 
4523     96 
4524     366 
4525     42 
4526     913 
4527     3785 
4528     4297 
4529     1356 
4530     312 
4531     23 
4532     3524 
4533     2 
4534     1167 
4535     2386 
4536     62 
4537     237 
4538     658 
4539     889 
4540     683 
4541     144 
4542     20 
4543     1889 
4544     1007 
4545     71 
4546     513 
4547     2 
4548     420 
4549     521 
4550     685 
4551     47 
4552     35 
4553     1032 
4554     862 
4555     293 
4556     3655 
4557     1579 
4558     23 
4559     754 
4560     1704 
4561     90 
4562     255 
4563     37 
4564     147 
4565     616 
4566     66 
4567     446 
4568     282 
4569     8 
4570     821 
4571     130 
4572     315 
4573     2065 
4574     445 
4575     810 
4576     5 
4577     2899 
4578     67 
4579     639 
4580     692 
4581     85 
4582     2270 
4583     3086 
4584     616 
4585     244 
4586     1731 
4587     1528 
4588     960 
4589     65 
4590     205 
4591     2706 
4592     1111 
4593     939 
4594     474 
4595     19 
4596     1683 
4597     56 
4598     1848 
4599     1272 
4600     89 
4601     83 
4602     1240 
4603     207 
4604     3289 
4605     4486 
4606     15 
4607     1142 
4608     3705 
4609     908 
4610     1245 
4611     1742 
4612     699 
4613     1637 
4614     70 
4615     1229 
4616     48 
4617     462 
4618     2022 
4619     457 
4620     2235 
4621     950 
4622     440 
4623     70 
4624     4 
4625     38 
4626     907 
4627     4265 
4628     490 
4629     249 
4630     560 
4631     1642 
4632     31 
4633     3493 
4634     859 
4635     33 
4636     1457 
4637     758 
4638     3896 
4639     201 
4640     962 
4641     2210 
4642     593 
4643     981 
4644     346 
4645     114 
4646     2086 
4647     1207 
4648     8 
4649     1421 
4650     7 
4651     4393 
4652     582 
4653     4564 
4654     1414 
4655     433 
4656     0 
4657     2736 
4658     890 
4659     3644 
4660     1 
4661     178 
4662     89 
4663     2638 
4664     1301 
4665     1409 
4666     4176 
4667     3915 
4668     2818 
4669     2358 
4670     648 
4671     1156 
4672     94 
4673     1614 
4674     2980 
4675     19 
4676     2470 
4677     278 
4678     785 
4679     3459 
4680     1357 
4681     1881 
4682     241 
4683     1066 
4684     2818 
4685     56 
4686     86 
4687     1 
4688     794 
4689     1638 
4690     30 
4691     276 
4692     101 
4693     1704 
4694     107 
4695     1165 
4696     1880 
4697     1167 
4698     680 
4699     878 
4700     429 
4701     2394 
4702     905 
4703     445 
4704     291 
4705     674 
4706     359 
4707     1160 
4708     25 
4709     1589 
4710     4076 
4711     2087 
4712     2604 
4713     329 
4714     2871 
4715     44 
4716     947 
4717     686 
4718     2404 
4719     298 
4720     1487 
4721     2837 
4722     51 
4723     2180 
4724     2436 
4725     475 
4726     3559 
4727     885 
4728     4697 
4729     1287 
4730     6 
4731     763 
4732     3419 
4733     224 
4734     1555 
4735     4 
4736     1544 
4737     881 
4738     640 
4739     574 
4740     1085 
4741     110 
4742     730 
4743     658 
4744     2442 
4745     201 
4746     43 
4747     3349 
4748     2073 
4749     3882 
4750     2428 
4751     1382 
4752     127 
4753     383 
4754     1173 
4755     3711 
4756     121 
4757     908 
4758     1688 
4759     1 
4760     850 
4761     441 
4762     503 
4763     5 
4764     833 
4765     267 
4766     1251 
4767     1154 
4768     501 
4769     2087 
4770     118 
4771     3652 
4772     96 
4773     4056 
4774     52 
4775     2977 
4776     2084 
4777     4112 
4778     378 
4779     509 
4780     68 
4781     4422 
4782     555 
4783     104 
4784     2580 
4785     4629 
4786     4 
4787     1528 
4788     319 
4789     140 
4790     223 
4791     1466 
4792     185 
4793     1114 
4794     1351 
4795     10 
4796     508 
4797     1453 
4798     33 
4799     290 
4800     832 
4801     457 
4802     2403 
4803     19 
4804     3962 
4805     37 
4806     79 
4807     599 
4808     0 
4809     1047 
4810     780 
4811     1139 
4812     1177 
4813     935 
4814     350 
4815     2360 
4816     583 
4817     3242 
4818     685 
4819     53 
4820     4056 
4821     1992 
4822     1134 
4823     4496 
4824     278 
4825     3200 
4826     1181 
4827     195 
4828     159 
4829     4 
4830     1 
4831     4343 
4832     1193 
4833     3061 
4834     3880 
4835     200 
4836     48 
4837     513 
4838     2909 
4839     47 
4840     554 
4841     2270 
4842     3408 
4843     373 
4844     4414 
4845     536 
4846     1346 
4847     1059 
4848     890 
4849     1207 
4850     1225 
4851     135 
4852     984 
4853     1949 
4854     4072 
4855     2786 
4856     2857 
4857     1720 
4858     2898 
4859     70 
4860     335 
4861     1468 
4862     1302 
4863     1223 
4864     1458 
4865     1460 
4866     2747 
4867     180 
4868     1080 
4869     107 
4870     351 
4871     2448 
4872     4557 
4873     2135 
4874     2025 
4875     1357 
4876     1369 
4877     247 
4878     5 
4879     96 
4880     3519 
4881     598 
4882     528 
4883     918 
4884     3022 
4885     2424 
4886     107 
4887     1846 
4888     5 
4889     4118 
4890     1029 
4891     394 
4892     6 
4893     44 
4894     287 
4895     3029 
4896     11 
4897     720 
4898     3596 
4899     1267 
4900     514 
4901     491 
4902     381 
4903     140 
4904     379 
4905     8 
4906     18 
4907     358 
4908     495 
4909     1622 
4910     4478 
4911     1171 
4912     77 
4913     527 
4914     2213 
4915     2534 
4916     2340 
4917     421 
4918     4709 
4919     16 
4920     1540 
4921     983 
4922     96 
4923     2693 
4924     4796 
4925     584 
4926     3976 
4927     1704 
4928     1178 
4929     128 
4930     18 
4931     282 
4932     305 
4933     796 
4934     370 
4935     94 
4936     2047 
4937     1375 
4938     2455 
4939     1613 
4940     3 
