0     1 
2     1449 
2     1780 
3     1 
3     1359 
4     80 
4     1745 
5     431 
5     788 
6     473 
6     1815 
7     1376 
7     1584 
8     87 
8     1128 
9     57 
9     1041 
10     892 
10     1739 
11     800 
11     1679 
12     542 
12     1632 
13     271 
13     1227 
14     241 
14     1883 
15     1647 
15     1862 
16     534 
16     1272 
17     214 
17     519 
18     12 
18     518 
19     692 
19     1707 
20     542 
20     778 
21     128 
21     242 
22     644 
22     1130 
23     85 
23     204 
24     210 
24     1843 
25     1520 
25     1629 
26     2 
26     1352 
27     3 
27     21 
28     323 
28     1021 
29     125 
29     667 
30     371 
30     542 
31     654 
31     1610 
32     704 
32     1579 
33     735 
33     1874 
34     1000 
34     1432 
35     1311 
35     1561 
36     682 
36     1387 
37     199 
37     1930 
38     209 
38     1021 
39     982 
39     1608 
40     6 
40     778 
41     1494 
41     1874 
42     161 
42     1477 
43     735 
43     1000 
44     773 
44     1088 
45     541 
45     1494 
46     257 
46     1579 
47     335 
47     1226 
48     306 
48     882 
49     119 
49     1425 
50     1208 
50     1473 
51     680 
51     941 
52     594 
52     715 
53     715 
53     962 
54     778 
54     1694 
55     995 
55     1017 
56     45 
56     882 
57     145 
57     633 
58     445 
58     1843 
59     302 
59     1455 
60     460 
60     469 
61     1355 
61     1579 
62     54 
62     1000 
63     528 
63     1862 
64     271 
64     1473 
65     442 
65     1253 
66     544 
66     1444 
67     928 
67     1139 
68     241 
68     1629 
69     360 
69     1425 
70     455 
70     870 
71     442 
71     470 
72     47 
72     303 
73     358 
73     680 
74     0 
74     615 
75     371 
75     1358 
76     580 
76     655 
77     316 
77     564 
78     300 
78     1415 
79     1457 
79     1861 
80     1800 
80     1975 
81     1577 
81     1665 
82     247 
82     1861 
83     242 
83     914 
84     1018 
84     1254 
85     1784 
85     1798 
86     1226 
86     1621 
87     1080 
87     1639 
88     60 
88     425 
89     872 
89     928 
90     15 
90     57 
91     372 
91     1858 
92     284 
92     1978 
93     334 
93     649 
94     283 
94     1819 
95     1705 
95     1905 
96     95 
96     112 
97     38 
97     49 
98     92 
98     820 
99     5 
99     1748 
100     22 
100     1862 
101     95 
101     928 
102     470 
102     1070 
103     119 
103     966 
104     692 
104     789 
105     426 
105     1861 
106     257 
106     480 
107     777 
107     1283 
108     1796 
108     1918 
109     257 
109     692 
110     187 
110     1415 
111     983 
111     1630 
112     22 
112     795 
113     2 
113     164 
114     658 
114     968 
115     23 
115     782 
116     350 
116     1830 
117     85 
117     92 
118     206 
118     1070 
119     764 
119     1219 
120     55 
120     105 
121     94 
121     1253 
122     113 
122     1047 
123     69 
123     1899 
124     426 
124     1476 
125     492 
125     1079 
126     731 
126     1557 
127     303 
127     1617 
128     15 
128     124 
129     10 
129     963 
130     116 
130     128 
131     115 
131     1710 
132     787 
132     1119 
133     350 
133     1253 
134     390 
134     1936 
135     111 
135     1285 
136     1386 
136     1501 
137     57 
137     1578 
138     149 
138     1247 
139     13 
139     1619 
140     945 
140     1781 
141     1496 
141     1925 
142     788 
142     1985 
143     545 
143     1102 
144     50 
144     334 
145     68 
145     105 
146     882 
146     1750 
147     236 
147     845 
148     75 
148     1571 
149     791 
149     1895 
150     210 
150     1919 
151     913 
151     1202 
152     119 
152     1119 
153     57 
153     879 
154     128 
154     1769 
155     136 
155     788 
156     1584 
156     2013 
157     543 
157     1338 
158     70 
158     778 
159     1007 
159     1561 
160     77 
160     1024 
161     51 
161     70 
162     329 
162     844 
163     55 
163     1228 
164     33 
164     106 
165     200 
165     1678 
166     576 
166     1355 
167     1 
167     87 
168     674 
168     849 
169     667 
169     1674 
170     1453 
170     1861 
171     1129 
171     1718 
172     769 
172     1796 
173     738 
173     1747 
174     85 
174     554 
175     160 
175     718 
176     820 
176     1658 
177     961 
177     1687 
178     62 
178     1355 
179     326 
179     1760 
180     1670 
180     1868 
181     489 
181     1561 
182     7 
182     116 
183     320 
183     562 
184     486 
184     805 
185     257 
185     1803 
186     144 
186     1713 
187     1415 
187     1861 
188     84 
188     592 
189     1588 
189     2016 
190     123 
190     1910 
191     107 
191     137 
192     888 
192     924 
193     371 
193     497 
194     257 
194     1306 
195     168 
195     192 
196     185 
196     1167 
197     1429 
197     1579 
198     1128 
198     1579 
199     221 
199     833 
200     165 
200     344 
201     247 
201     1561 
202     188 
202     279 
203     173 
203     742 
204     126 
204     1386 
205     1934 
205     2011 
206     481 
206     750 
207     715 
207     1285 
208     1793 
208     1907 
209     206 
209     1615 
210     238 
210     840 
211     201 
211     272 
212     2 
212     1153 
213     78 
213     1079 
214     145 
214     313 
215     12 
215     1386 
216     1247 
216     1882 
217     183 
217     844 
218     961 
218     1030 
219     157 
219     1502 
220     1644 
220     1930 
221     1196 
221     1622 
222     424 
222     618 
223     1849 
223     2005 
224     170 
224     200 
225     131 
225     178 
226     138 
226     1250 
227     93 
227     682 
228     34 
228     654 
229     242 
229     1247 
230     312 
230     1345 
231     141 
231     1793 
232     63 
232     1759 
233     1549 
233     1951 
234     140 
234     1499 
235     201 
235     1840 
236     64 
236     105 
237     539 
237     1398 
238     1529 
238     1746 
239     233 
239     1025 
240     1242 
240     1615 
241     76 
241     1088 
242     95 
242     194 
243     564 
243     1079 
244     257 
244     1777 
245     0 
245     746 
246     215 
246     1735 
247     35 
247     581 
248     51 
248     88 
249     22 
249     1870 
250     852 
250     1527 
251     44 
251     123 
252     35 
252     232 
253     178 
253     1449 
254     161 
254     1291 
255     1 
255     171 
256     141 
256     496 
257     89 
257     104 
258     1007 
258     1880 
259     247 
259     293 
260     1368 
260     1663 
261     3 
261     1894 
262     91 
262     1943 
263     95 
263     1650 
264     32 
264     39 
265     55 
265     257 
266     25 
266     47 
267     55 
267     1784 
268     103 
268     576 
269     58 
269     1000 
270     238 
270     1766 
271     89 
271     1968 
272     256 
272     1415 
273     602 
273     1923 
274     634 
274     1848 
275     233 
275     1749 
276     40 
276     1139 
277     184 
277     1888 
278     42 
278     1227 
279     320 
279     562 
280     128 
280     527 
281     141 
281     302 
282     791 
282     1872 
283     61 
283     1432 
284     210 
284     1552 
285     51 
285     983 
286     4 
286     1995 
287     224 
287     1284 
288     87 
288     1888 
289     199 
289     269 
290     191 
290     1945 
291     164 
291     1608 
292     138 
292     204 
293     155 
293     966 
294     965 
294     1639 
295     12 
295     184 
296     1232 
296     1494 
297     125 
297     1141 
298     117 
298     1219 
299     41 
299     89 
300     150 
300     1494 
301     147 
301     1859 
302     46 
302     243 
303     36 
303     147 
304     54 
304     295 
305     267 
305     1886 
306     232 
306     1634 
307     9 
307     28 
308     87 
308     734 
309     3 
309     1739 
310     51 
310     1119 
311     219 
311     1282 
312     302 
312     1586 
313     652 
313     1854 
314     1174 
314     1676 
315     568 
315     928 
316     205 
316     1613 
317     37 
317     260 
318     567 
318     1284 
319     266 
319     825 
320     257 
320     270 
321     576 
321     1694 
322     257 
322     764 
323     279 
323     1439 
324     1130 
324     1872 
325     942 
325     1494 
326     1702 
326     1758 
327     5 
327     1225 
328     139 
328     1922 
329     84 
329     671 
330     302 
330     1468 
331     158 
331     247 
332     83 
332     1262 
333     1630 
333     1968 
334     63 
334     1139 
335     103 
335     1843 
336     12 
336     125 
337     1007 
337     1996 
338     116 
338     957 
339     1 
339     526 
340     802 
340     1425 
341     2 
341     1391 
342     312 
342     1404 
343     43 
343     1089 
344     144 
344     337 
345     42 
345     302 
346     332 
346     986 
347     644 
347     813 
348     214 
348     849 
349     402 
349     872 
350     171 
350     297 
351     318 
351     473 
352     125 
352     986 
353     219 
353     224 
354     40 
354     891 
355     156 
355     1995 
356     137 
356     282 
357     1051 
357     1923 
358     201 
358     238 
359     195 
359     1547 
360     982 
360     1121 
361     68 
361     1277 
362     238 
362     319 
363     995 
363     1247 
364     974 
364     1888 
365     693 
365     1645 
366     168 
366     290 
367     243 
367     907 
368     168 
368     527 
369     161 
369     250 
370     84 
370     360 
371     290 
371     329 
372     1201 
372     1384 
373     285 
373     687 
374     119 
374     1745 
375     434 
375     1886 
376     554 
376     1827 
377     241 
377     1393 
378     188 
378     1287 
379     216 
379     768 
380     312 
380     1444 
381     63 
381     982 
382     10 
382     849 
383     38 
383     1571 
384     930 
384     1219 
385     1579 
385     1905 
386     341 
386     863 
387     277 
387     1776 
388     87 
388     592 
389     33 
389     151 
390     12 
390     729 
391     128 
391     183 
392     283 
392     819 
393     282 
393     1080 
394     137 
394     1588 
395     634 
395     1119 
396     50 
396     740 
397     1711 
397     1958 
398     141 
398     769 
399     1569 
399     1934 
400     68 
400     200 
401     15 
401     104 
402     662 
402     1978 
403     216 
403     480 
404     46 
404     71 
405     788 
405     1777 
406     167 
406     966 
407     1001 
407     1953 
408     98 
408     169 
409     16 
409     63 
410     200 
410     1415 
411     84 
411     758 
412     221 
412     277 
413     185 
413     1732 
414     185 
414     1444 
415     192 
415     1800 
416     168 
416     397 
417     1024 
417     1876 
418     957 
418     1700 
419     103 
419     192 
420     285 
420     1251 
421     543 
421     1894 
422     992 
422     1262 
423     44 
423     1173 
424     290 
424     1995 
425     37 
425     1613 
426     159 
426     542 
427     200 
427     1917 
428     75 
428     455 
429     658 
429     1049 
430     136 
430     235 
431     414 
431     486 
432     95 
432     425 
433     181 
433     534 
434     95 
434     355 
435     578 
435     685 
436     42 
436     1872 
437     564 
437     1031 
438     433 
438     1845 
439     427 
439     1537 
440     961 
440     1995 
441     212 
441     1615 
442     205 
442     1700 
443     65 
443     1500 
444     437 
444     1630 
445     183 
445     420 
446     22 
446     382 
447     671 
447     983 
448     327 
448     527 
449     192 
449     738 
450     1178 
450     1368 
451     1007 
451     1956 
452     201 
452     386 
453     485 
453     1415 
454     195 
454     1632 
455     22 
455     437 
456     344 
456     851 
457     395 
457     1706 
458     356 
458     1907 
459     68 
459     420 
460     1663 
460     1907 
461     150 
461     283 
462     561 
462     1347 
463     5 
463     618 
464     543 
464     754 
465     69 
465     219 
466     147 
466     718 
467     125 
467     1359 
468     47 
468     125 
469     433 
469     1780 
470     851 
470     1569 
471     5 
471     674 
472     1277 
472     1403 
473     128 
473     421 
474     715 
474     784 
475     1613 
475     1995 
476     20 
476     812 
477     252 
477     286 
478     252 
478     488 
479     35 
479     1254 
480     276 
480     634 
481     36 
481     619 
482     300 
482     1893 
483     1025 
483     1196 
484     27 
484     840 
485     281 
485     316 
486     1579 
486     1961 
487     74 
487     778 
488     145 
488     1914 
489     214 
489     1449 
490     207 
490     774 
491     440 
491     1533 
492     376 
492     678 
493     242 
493     955 
494     193 
494     220 
495     936 
495     1178 
496     36 
496     89 
497     47 
497     1074 
498     192 
498     1429 
499     57 
499     313 
500     950 
500     1113 
501     63 
501     1349 
502     1000 
502     1579 
503     150 
503     413 
504     451 
504     479 
505     317 
505     334 
506     1 
506     1227 
507     735 
507     876 
508     116 
508     470 
509     494 
509     505 
510     481 
510     1796 
511     616 
511     1054 
512     33 
512     1621 
513     28 
513     193 
514     1355 
514     1968 
515     126 
515     1150 
516     96 
516     141 
517     312 
517     1825 
518     116 
518     207 
519     268 
519     1219 
520     2 
520     323 
521     294 
521     399 
522     72 
522     1387 
523     189 
523     1689 
524     1852 
524     1955 
525     78 
525     360 
526     287 
526     1283 
527     100 
527     126 
528     193 
528     277 
529     87 
529     1468 
530     509 
530     872 
531     407 
531     950 
532     487 
532     1210 
533     173 
533     1427 
534     1643 
534     1934 
535     486 
535     530 
536     228 
536     1941 
537     1167 
537     1244 
538     141 
538     1244 
539     470 
539     1896 
540     12 
540     377 
541     1480 
541     2006 
542     151 
542     534 
543     312 
543     474 
544     1 
544     251 
545     481 
545     1840 
546     55 
546     354 
547     438 
547     1968 
548     365 
548     1387 
549     154 
549     813 
550     57 
550     160 
551     1208 
551     1279 
552     1406 
552     1546 
553     1025 
553     1603 
554     181 
554     297 
555     16 
555     535 
556     40 
556     276 
557     93 
557     489 
558     356 
558     1896 
559     95 
559     1129 
560     137 
560     139 
561     1226 
561     1624 
562     158 
562     644 
563     236 
563     493 
564     165 
564     429 
565     22 
565     93 
566     512 
566     1045 
567     80 
567     1219 
568     221 
568     355 
569     137 
569     1861 
570     94 
570     1073 
571     185 
571     245 
572     265 
572     895 
573     256 
573     1464 
574     99 
574     313 
575     65 
575     1968 
576     564 
576     844 
577     12 
577     191 
578     265 
578     1569 
579     351 
579     471 
580     50 
580     102 
581     155 
581     576 
582     63 
582     65 
583     523 
583     527 
584     87 
584     459 
585     254 
585     1425 
586     1139 
586     1735 
587     438 
587     522 
588     1232 
588     1995 
589     106 
589     199 
590     241 
590     589 
591     289 
591     351 
592     455 
592     901 
593     236 
593     1271 
594     644 
594     1893 
595     27 
595     162 
596     33 
596     37 
597     167 
597     1943 
598     564 
598     1562 
599     326 
599     1845 
600     363 
600     472 
601     496 
601     942 
602     1037 
602     1196 
603     70 
603     487 
604     407 
604     1607 
605     283 
605     333 
606     114 
606     295 
607     158 
607     330 
608     1783 
608     1872 
609     90 
609     401 
610     153 
610     267 
611     950 
611     1477 
612     63 
612     644 
613     84 
613     478 
614     514 
614     1892 
615     55 
615     140 
616     272 
616     401 
617     602 
617     614 
618     766 
618     1635 
619     279 
619     1898 
620     651 
620     2006 
621     740 
621     983 
622     578 
622     800 
623     942 
623     1868 
624     265 
624     470 
625     22 
625     1505 
626     764 
626     866 
627     154 
627     277 
628     260 
628     1494 
629     662 
629     928 
630     103 
630     597 
631     89 
631     457 
632     206 
632     530 
633     360 
633     538 
634     885 
634     1676 
635     652 
635     1155 
636     28 
636     464 
637     229 
637     1630 
638     795 
638     1038 
639     374 
639     592 
640     392 
640     442 
641     361 
641     576 
642     525 
642     1800 
643     374 
643     1429 
644     479 
644     593 
645     136 
645     381 
646     128 
646     791 
647     609 
647     1350 
648     184 
648     448 
649     371 
649     503 
650     39 
650     224 
651     37 
651     82 
652     1550 
652     1874 
653     267 
653     396 
654     1876 
654     1931 
655     292 
655     966 
656     572 
656     1861 
657     239 
657     1687 
658     358 
658     1510 
659     26 
659     313 
660     215 
660     255 
661     1418 
661     1644 
662     225 
662     415 
663     60 
663     366 
664     51 
664     462 
665     163 
665     562 
666     347 
666     698 
667     171 
667     396 
668     359 
668     1569 
669     124 
669     248 
670     361 
670     1919 
671     257 
671     361 
672     1072 
672     1623 
673     84 
673     466 
674     650 
674     849 
675     155 
675     568 
676     247 
676     410 
677     91 
677     1773 
678     509 
678     592 
679     363 
679     1227 
680     173 
680     306 
681     653 
681     1043 
682     2 
682     368 
683     650 
683     658 
684     147 
684     210 
685     160 
685     291 
686     36 
686     634 
687     141 
687     145 
688     561 
688     634 
689     82 
689     551 
690     1572 
691     279 
692     1355 
693     1336 
694     40 
695     102 
696     354 
697     163 
698     667 
699     2009 
700     265 
701     41 
702     356 
703     1900 
704     303 
705     679 
706     238 
707     791 
708     55 
709     288 
710     1128 
711     1958 
712     482 
713     100 
714     279 
715     730 
716     551 
717     553 
718     135 
719     303 
720     173 
721     1 
722     1636 
723     522 
724     163 
725     286 
726     166 
727     530 
728     1208 
729     102 
730     1436 
731     1932 
732     355 
733     1868 
734     544 
735     1045 
736     296 
737     41 
738     1442 
739     125 
740     1949 
741     38 
742     272 
743     714 
744     191 
745     649 
746     162 
747     200 
748     497 
749     290 
750     327 
751     901 
752     134 
753     16 
754     306 
755     224 
756     534 
757     89 
758     210 
759     106 
760     218 
761     218 
762     376 
763     1309 
764     497 
765     1205 
766     1336 
767     116 
768     398 
769     1128 
770     849 
771     184 
772     1099 
773     242 
774     705 
775     1839 
776     231 
777     1949 
778     2006 
779     1579 
780     104 
781     671 
782     977 
783     178 
784     1083 
785     360 
786     1943 
787     448 
788     1232 
789     1886 
790     1792 
791     15 
792     795 
793     926 
794     2006 
795     84 
796     719 
797     405 
798     1400 
799     448 
800     49 
801     1125 
802     420 
803     221 
804     421 
805     662 
806     464 
807     260 
808     209 
809     520 
810     1337 
811     1861 
812     754 
813     241 
814     1412 
815     159 
816     928 
817     1244 
818     288 
819     1391 
820     244 
821     683 
822     662 
823     160 
824     219 
825     164 
826     435 
827     671 
828     1977 
829     133 
830     200 
831     78 
832     686 
833     290 
834     302 
835     207 
836     141 
837     303 
838     31 
839     321 
840     667 
841     1449 
842     1577 
843     186 
844     742 
845     632 
846     184 
847     520 
848     313 
849     731 
850     372 
851     392 
852     827 
853     401 
854     421 
855     397 
856     518 
857     238 
858     1766 
859     909 
860     828 
861     594 
862     1167 
863     1579 
864     544 
865     158 
866     406 
867     286 
868     9 
869     395 
870     1781 
871     562 
872     726 
873     38 
874     539 
875     16 
876     473 
877     1526 
878     1368 
879     193 
880     185 
881     1708 
882     199 
883     521 
884     538 
885     543 
886     535 
887     1338 
888     615 
889     1216 
890     361 
891     644 
892     759 
893     1959 
894     454 
895     1583 
896     62 
897     837 
898     367 
899     1798 
900     283 
901     290 
902     55 
903     720 
904     361 
905     84 
906     95 
907     645 
908     561 
909     1593 
910     1995 
911     778 
912     1609 
913     1476 
914     620 
915     679 
916     462 
917     324 
918     352 
919     1000 
920     1289 
921     2009 
922     701 
923     1876 
924     226 
925     1810 
926     1737 
927     644 
928     1995 
929     143 
930     1376 
931     23 
932     1763 
933     11 
934     447 
935     271 
936     1148 
937     610 
938     693 
939     350 
940     420 
941     470 
942     301 
943     15 
944     1279 
945     1709 
946     545 
947     632 
948     165 
949     535 
950     1979 
951     586 
952     1251 
953     58 
954     262 
955     87 
956     184 
957     329 
958     2006 
959     1244 
960     1839 
961     1573 
962     302 
963     87 
964     817 
965     191 
966     125 
967     701 
968     3 
969     1874 
970     539 
971     95 
972     805 
973     1559 
974     466 
975     173 
976     932 
977     417 
978     1880 
979     11 
980     381 
981     1443 
982     811 
983     1271 
984     1573 
985     403 
986     444 
987     851 
988     233 
989     133 
990     128 
991     342 
992     116 
993     1639 
994     520 
995     84 
996     65 
997     721 
998     61 
999     936 
1000     360 
1001     1660 
1002     1000 
1003     559 
1004     81 
1005     1354 
1006     623 
1007     533 
1008     537 
1009     83 
1010     87 
1011     550 
1012     543 
1013     716 
1014     254 
1015     427 
1016     1758 
1017     498 
1018     569 
1019     276 
1020     1247 
1021     104 
1022     1284 
1023     267 
1024     1133 
1025     123 
1026     58 
1027     327 
1028     68 
1029     801 
1030     108 
1031     651 
1032     586 
1033     1845 
1034     398 
1035     613 
1036     1240 
1037     996 
1038     1296 
1039     352 
1040     1562 
1041     244 
1042     764 
1043     722 
1044     233 
1045     908 
1046     604 
1047     1306 
1048     113 
1049     664 
1050     1054 
1051     175 
1052     676 
1053     1135 
1054     1576 
1055     171 
1056     1000 
1057     626 
1058     72 
1059     632 
1060     435 
1061     51 
1062     285 
1063     75 
1064     618 
1065     1146 
1066     983 
1067     218 
1068     522 
1069     520 
1070     439 
1071     583 
1072     1693 
1073     236 
1074     419 
1075     983 
1076     1277 
1077     1014 
1078     149 
1079     1577 
1080     526 
1081     788 
1082     1886 
1083     3 
1084     817 
1085     641 
1086     480 
1087     484 
1088     502 
1089     1073 
1090     403 
1091     1741 
1092     215 
1093     1862 
1094     407 
1095     1351 
1096     344 
1097     236 
1098     185 
1099     399 
1100     201 
1101     1139 
1102     21 
1103     1872 
1104     906 
1105     312 
1106     551 
1107     1776 
1108     479 
1109     228 
1110     337 
1111     1081 
1112     221 
1113     181 
1114     1079 
1115     153 
1116     745 
1117     644 
1118     350 
1119     398 
1120     1351 
1121     32 
1122     1995 
1123     1051 
1124     43 
1125     215 
1126     859 
1127     286 
1128     84 
1129     28 
1130     571 
1131     350 
1132     1175 
1133     903 
1134     735 
1135     93 
1136     1739 
1137     764 
1138     282 
1139     422 
1140     125 
1141     57 
1142     1063 
1143     183 
1144     91 
1145     573 
1146     296 
1147     312 
1148     373 
1149     234 
1150     970 
1151     326 
1152     814 
1153     1679 
1154     578 
1155     484 
1156     788 
1157     54 
1158     840 
1159     1951 
1160     674 
1161     54 
1162     116 
1163     168 
1164     664 
1165     399 
1166     1278 
1167     252 
1168     12 
1169     320 
1170     866 
1171     1939 
1172     229 
1173     1246 
1174     451 
1175     410 
1176     342 
1177     205 
1178     154 
1179     754 
1180     381 
1181     963 
1182     36 
1183     535 
1184     563 
1185     336 
1186     638 
1187     433 
1188     197 
1189     358 
1190     592 
1191     455 
1192     1696 
1193     655 
1194     1265 
1195     657 
1196     87 
1197     1287 
1198     560 
1199     353 
1200     1384 
1201     1038 
1202     846 
1203     1499 
1204     396 
1205     912 
1206     882 
1207     219 
1208     949 
1209     1439 
1210     293 
1211     1691 
1212     1128 
1213     1876 
1214     1726 
1215     1939 
1216     754 
1217     271 
1218     514 
1219     328 
1220     1160 
1221     1810 
1222     391 
1223     1178 
1224     168 
1225     534 
1226     27 
1227     995 
1228     1687 
1229     1968 
1230     84 
1231     830 
1232     218 
1233     1215 
1234     1047 
1235     74 
1236     178 
1237     1047 
1238     809 
1239     14 
1240     215 
1241     153 
1242     1026 
1243     442 
1244     271 
1245     939 
1246     288 
1247     12 
1248     185 
1249     1668 
1250     360 
1251     1108 
1252     758 
1253     1792 
1254     1081 
1255     600 
1256     491 
1257     106 
1258     1837 
1259     1576 
1260     1502 
1261     1086 
1262     617 
1263     247 
1264     539 
1265     408 
1266     188 
1267     1035 
1268     748 
1269     567 
1270     613 
1271     868 
1272     686 
1273     782 
1274     1007 
1275     240 
1276     1196 
1277     43 
1278     105 
1279     1128 
1280     1193 
1281     371 
1282     1260 
1283     1254 
1284     966 
1285     70 
1286     470 
1287     568 
1288     1086 
1289     1609 
1290     1655 
1291     122 
1292     1624 
1293     517 
1294     149 
1295     480 
1296     189 
1297     1055 
1298     216 
1299     1355 
1300     410 
1301     1056 
1302     989 
1303     1119 
1304     664 
1305     502 
1306     461 
1307     1956 
1308     178 
1309     394 
1310     1072 
1311     1449 
1312     568 
1313     866 
1314     453 
1315     1569 
1316     394 
1317     535 
1318     675 
1319     1951 
1320     104 
1321     1645 
1322     676 
1323     1537 
1324     288 
1325     506 
1326     876 
1327     1000 
1328     674 
1329     592 
1330     1000 
1331     149 
1332     87 
1333     358 
1334     797 
1335     1253 
1336     1007 
1337     361 
1338     125 
1339     162 
1340     55 
1341     150 
1342     195 
1343     776 
1344     26 
1345     1136 
1346     1844 
1347     307 
1348     1055 
1349     163 
1350     195 
1351     1580 
1352     1043 
1353     84 
1354     233 
1355     374 
1356     1975 
1357     1932 
1358     1668 
1359     1614 
1360     938 
1361     2 
1362     368 
1363     1267 
1364     1861 
1365     687 
1366     529 
1367     73 
1368     3 
1369     1886 
1370     212 
1371     377 
1372     1218 
1373     320 
1374     277 
1375     1903 
1376     1609 
1377     966 
1378     116 
1379     241 
1380     745 
1381     5 
1382     1104 
1383     1645 
1384     1072 
1385     329 
1386     88 
1387     674 
1388     49 
1389     301 
1390     1167 
1391     46 
1392     489 
1393     1253 
1394     421 
1395     782 
1396     1253 
1397     334 
1398     754 
1399     1556 
1400     1861 
1401     585 
1402     174 
1403     51 
1404     285 
1405     802 
1406     103 
1407     220 
1408     1088 
1409     1697 
1410     275 
1411     244 
1412     1028 
1413     459 
1414     554 
1415     1592 
1416     385 
1417     368 
1418     1734 
1419     163 
1420     1894 
1421     520 
1422     33 
1423     414 
1424     27 
1425     1165 
1426     75 
1427     340 
1428     135 
1429     1559 
1430     909 
1431     637 
1432     1287 
1433     350 
1434     241 
1435     168 
1436     1996 
1437     251 
1438     875 
1439     247 
1440     73 
1441     932 
1442     518 
1443     568 
1444     701 
1445     257 
1446     879 
1447     1228 
1448     535 
1449     413 
1450     201 
1451     1954 
1452     403 
1453     594 
1454     1337 
1455     930 
1456     1007 
1457     715 
1458     147 
1459     1073 
1460     183 
1461     435 
1462     11 
1463     1045 
1464     727 
1465     1388 
1466     1174 
1467     327 
1468     1845 
1469     1227 
1470     219 
1471     404 
1472     270 
1473     1074 
1474     1877 
1475     1372 
1476     961 
1477     307 
1478     587 
1479     816 
1480     158 
1481     521 
1482     886 
1483     1886 
1484     278 
1485     1951 
1486     805 
1487     714 
1488     305 
1489     1546 
1490     1907 
1491     367 
1492     724 
1493     32 
1494     1621 
1495     1260 
1496     376 
1497     1133 
1498     410 
1499     1995 
1500     882 
1501     722 
1502     371 
1503     344 
1504     575 
1505     95 
1506     1876 
1507     306 
1508     1560 
1509     1066 
1510     27 
1511     241 
1512     12 
1513     185 
1514     609 
1515     111 
1516     462 
1517     1572 
1518     769 
1519     2008 
1520     1166 
1521     189 
1522     350 
1523     224 
1524     500 
1525     940 
1526     1462 
1527     466 
1528     232 
1529     239 
1530     254 
1531     695 
1532     942 
1533     54 
1534     1478 
1535     52 
1536     192 
1537     265 
1538     124 
1539     605 
1540     416 
1541     1355 
1542     1051 
1543     628 
1544     913 
1545     495 
1546     842 
1547     909 
1548     312 
1549     1130 
1550     210 
1551     618 
1552     634 
1553     28 
1554     1202 
1555     258 
1556     528 
1557     312 
1558     296 
1559     644 
1560     850 
1561     1888 
1562     1839 
1563     448 
1564     68 
1565     198 
1566     535 
1567     68 
1568     244 
1569     1355 
1570     686 
1571     1958 
1572     1133 
1573     655 
1574     119 
1575     1095 
1576     198 
1577     1083 
1578     682 
1579     513 
1580     51 
1581     240 
1582     63 
1583     155 
1584     606 
1585     326 
1586     257 
1587     224 
1588     764 
1589     204 
1590     39 
1591     1844 
1592     150 
1593     678 
1594     543 
1595     1997 
1596     790 
1597     1277 
1598     502 
1599     1260 
1600     1869 
1601     177 
1602     542 
1603     1825 
1604     531 
1605     502 
1606     67 
1607     356 
1608     395 
1609     12 
1610     211 
1611     549 
1612     251 
1613     84 
1614     649 
1615     274 
1616     956 
1617     1272 
1618     439 
1619     241 
1620     584 
1621     379 
1622     1253 
1623     221 
1624     744 
1625     1397 
1626     361 
1627     1352 
1628     589 
1629     546 
1630     33 
1631     1876 
1632     24 
1633     785 
1634     772 
1635     786 
1636     483 
1637     427 
1638     1551 
1639     956 
1640     511 
1641     35 
1642     9 
1643     1301 
1644     651 
1645     1634 
1646     1024 
1647     188 
1648     1007 
1649     204 
1650     1170 
1651     65 
1652     350 
1653     20 
1654     1854 
1655     329 
1656     405 
1657     378 
1658     2006 
1659     579 
1660     539 
1661     40 
1662     652 
1663     1465 
1664     215 
1665     575 
1666     667 
1667     504 
1668     531 
1669     240 
1670     355 
1671     497 
1672     830 
1673     1355 
1674     215 
1675     824 
1676     200 
1677     1876 
1678     49 
1679     534 
1680     972 
1681     828 
1682     1668 
1683     1505 
1684     287 
1685     983 
1686     945 
1687     1907 
1688     266 
1689     701 
1690     1537 
1691     1781 
1692     51 
1693     545 
1694     782 
1695     1862 
1696     1675 
1697     1372 
1698     841 
1699     574 
1700     1561 
1701     1329 
1702     40 
1703     1670 
1704     662 
1705     472 
1706     830 
1707     1995 
1708     1839 
1709     1882 
1710     489 
1711     1130 
1712     1254 
1713     460 
1714     135 
1715     1227 
1716     322 
1717     70 
1718     192 
1719     442 
1720     1137 
1721     236 
1722     1325 
1723     317 
1724     1434 
1725     797 
1726     1562 
1727     30 
1728     770 
1729     478 
1730     47 
1731     628 
1732     890 
1733     570 
1734     1060 
1735     1227 
1736     969 
1737     271 
1738     88 
1739     1570 
1740     207 
1741     965 
1742     1228 
1743     1331 
1744     1629 
1745     879 
1746     722 
1747     639 
1748     185 
1749     958 
1750     209 
1751     95 
1752     132 
1753     219 
1754     740 
1755     47 
1756     87 
1757     198 
1758     579 
1759     1615 
1760     143 
1761     185 
1762     569 
1763     475 
1764     693 
1765     387 
1766     1513 
1767     147 
1768     159 
1769     87 
1770     1152 
1771     91 
1772     81 
1773     85 
1774     1808 
1775     611 
1776     511 
1777     1917 
1778     2012 
1779     738 
1780     969 
1781     380 
1782     1081 
1783     452 
1784     961 
1785     265 
1786     19 
1787     620 
1788     101 
1789     57 
1790     445 
1791     69 
1792     1544 
1793     1421 
1794     341 
1795     1322 
1796     3 
1797     587 
1798     349 
1799     1629 
1800     1579 
1801     897 
1802     1848 
1803     1454 
1804     1193 
1805     239 
1806     566 
1807     1961 
1808     1273 
1809     276 
1810     928 
1811     1643 
1812     1214 
1813     722 
1814     568 
1815     945 
1816     1285 
1817     458 
1818     97 
1819     137 
1820     481 
1821     668 
1822     364 
1823     164 
1824     491 
1825     54 
1826     578 
1827     354 
1828     1957 
1829     613 
1830     625 
1831     297 
1832     649 
1833     54 
1834     442 
1835     1854 
1836     84 
1837     409 
1838     236 
1839     544 
1840     240 
1841     1569 
1842     142 
1843     88 
1844     589 
1845     626 
1846     41 
1847     401 
1848     363 
1849     1522 
1850     897 
1851     381 
1852     1693 
1853     1500 
1854     306 
1855     24 
1856     1526 
1857     455 
1858     73 
1859     262 
1860     667 
1861     421 
1862     1500 
1863     571 
1864     1045 
1865     265 
1866     780 
1867     496 
1868     277 
1869     495 
1870     1342 
1871     459 
1872     197 
1873     1157 
1874     1609 
1875     928 
1876     233 
1877     1892 
1878     1074 
1879     1749 
1880     405 
1881     104 
1882     55 
1883     563 
1884     204 
1885     1558 
1886     37 
1887     311 
1888     107 
1889     851 
1890     1596 
1891     1759 
1892     338 
1893     74 
1894     70 
1895     136 
1896     1013 
1897     224 
1898     534 
1899     767 
1900     1846 
1901     584 
1902     1985 
1903     414 
1904     286 
1905     507 
1906     424 
1907     820 
1908     242 
1909     1262 
1910     1757 
1911     1539 
1912     363 
1913     378 
1914     1995 
1915     362 
1916     473 
1917     104 
1918     210 
1919     99 
1920     856 
1921     610 
1922     3 
1923     1680 
1924     1898 
1925     531 
1926     180 
1927     1340 
1928     3 
1929     983 
1930     92 
1931     1868 
1932     573 
1933     66 
1934     218 
1935     350 
1936     7 
1937     1108 
1938     903 
1939     1843 
1940     1175 
1941     795 
1942     105 
1943     145 
1944     1737 
1945     30 
1946     85 
1947     31 
1948     1264 
1949     454 
1950     1726 
1951     1003 
1952     667 
1953     1037 
1954     131 
1955     740 
1956     1564 
1957     1253 
1958     1734 
1959     1096 
1960     1572 
1961     1023 
1962     178 
1963     161 
1964     1861 
1965     1839 
1966     1203 
1967     378 
1968     1696 
1969     970 
1970     1636 
1971     1713 
1972     1555 
1973     412 
1974     332 
1975     644 
1976     1837 
1977     1895 
1978     609 
1979     628 
1980     108 
1981     609 
1982     1796 
1983     1507 
1984     5 
1985     215 
1986     131 
1987     603 
1988     797 
1989     185 
1990     1441 
1991     150 
1992     538 
1993     164 
1994     1526 
1995     294 
1996     546 
1997     58 
1998     233 
1999     1548 
2000     1331 
2001     1632 
2002     70 
2003     1798 
2004     55 
2005     733 
2006     788 
2007     1555 
2008     484 
2009     573 
2010     1510 
2011     58 
2012     2006 
2013     1277 
2014     1165 
2015     1438 
2016     860 
2017     98 
