0     1 
2     0 
2     1 
3     0 
3     1 
4     0 
4     1 
5     1 
5     2 
6     2 
6     5 
7     0 
7     6 
8     0 
8     5 
9     0 
9     5 
10     0 
10     8 
11     0 
11     1 
12     0 
12     9 
13     6 
13     9 
14     2 
14     7 
15     11 
15     12 
16     6 
16     11 
17     2 
17     9 
18     3 
18     6 
19     3 
19     9 
20     7 
20     15 
21     3 
21     10 
22     1 
22     5 
23     7 
23     14 
24     2 
24     17 
25     6 
25     10 
26     2 
26     9 
27     1 
27     3 
28     3 
28     12 
29     14 
29     20 
30     10 
30     11 
31     2 
31     9 
32     0 
32     7 
33     7 
33     26 
34     14 
34     32 
35     2 
35     10 
36     0 
36     17 
37     9 
37     25 
38     3 
38     4 
39     27 
39     35 
40     0 
40     14 
41     3 
41     30 
42     13 
42     33 
43     10 
43     11 
44     0 
44     21 
45     14 
45     21 
46     2 
46     9 
47     6 
47     37 
48     0 
48     26 
49     4 
49     46 
50     6 
50     9 
51     12 
51     45 
52     21 
52     52 
53     11 
53     19 
54     1 
54     9 
55     1 
55     46 
56     14 
56     35 
57     30 
57     43 
58     1 
58     13 
59     21 
59     48 
60     3 
60     46 
61     4 
61     13 
62     42 
62     45 
63     1 
63     8 
64     2 
64     62 
65     14 
65     55 
66     31 
66     62 
67     7 
67     36 
68     37 
68     46 
69     17 
69     23 
70     4 
70     39 
71     2 
71     55 
72     2 
72     9 
73     5 
73     30 
74     21 
74     71 
75     32 
75     74 
76     14 
76     52 
77     5 
77     68 
78     9 
78     31 
79     18 
79     47 
80     1 
80     70 
81     28 
81     29 
82     21 
82     73 
83     6 
83     45 
84     2 
84     43 
85     21 
85     32 
86     14 
86     69 
87     57 
87     58 
88     6 
88     62 
89     2 
89     80 
90     21 
90     83 
91     1 
91     69 
92     43 
92     53 
93     42 
93     63 
94     23 
94     71 
95     10 
95     76 
96     11 
96     32 
97     54 
97     96 
98     10 
98     46 
99     46 
99     96 
100     21 
100     66 
101     14 
101     76 
102     3 
102     64 
103     4 
103     15 
104     5 
104     20 
105     14 
105     74 
106     10 
106     12 
107     78 
107     83 
108     34 
108     36 
109     48 
109     78 
110     0 
110     21 
111     25 
111     69 
112     9 
112     53 
113     14 
113     43 
114     39 
114     77 
115     1 
115     40 
116     3 
116     73 
117     7 
117     108 
118     5 
118     10 
119     14 
119     86 
120     9 
120     116 
121     104 
121     108 
122     53 
122     113 
123     10 
123     79 
124     0 
124     80 
125     0 
125     5 
126     2 
126     69 
127     36 
127     96 
128     45 
128     96 
129     26 
129     30 
130     0 
130     3 
131     5 
131     118 
132     2 
132     129 
133     57 
133     76 
134     7 
134     22 
135     2 
135     9 
136     65 
136     112 
137     1 
137     6 
138     50 
138     51 
139     7 
139     102 
140     2 
140     19 
141     3 
141     6 
142     46 
142     126 
143     5 
143     118 
144     9 
144     77 
145     6 
145     35 
146     9 
146     71 
147     32 
147     70 
148     54 
148     137 
149     9 
149     144 
150     39 
150     79 
151     69 
151     121 
152     51 
152     113 
153     10 
153     96 
154     49 
154     74 
155     18 
155     70 
156     107 
156     116 
157     102 
157     118 
158     38 
158     76 
159     6 
159     26 
160     25 
160     48 
161     43 
161     58 
162     25 
162     69 
163     6 
163     162 
164     12 
164     25 
165     35 
165     48 
166     2 
166     46 
167     0 
167     19 
168     32 
168     139 
169     108 
169     153 
170     7 
170     14 
171     33 
171     73 
172     0 
172     162 
173     85 
173     86 
174     2 
174     34 
175     4 
175     93 
176     47 
176     108 
177     8 
177     39 
178     6 
178     25 
179     2 
179     46 
180     26 
180     98 
181     5 
181     82 
182     102 
182     170 
183     7 
183     9 
184     10 
184     96 
185     3 
185     39 
186     169 
186     174 
187     2 
187     3 
188     3 
188     39 
189     133 
189     159 
190     28 
190     63 
191     5 
191     74 
192     23 
192     25 
193     56 
193     83 
194     49 
194     107 
195     32 
195     110 
196     45 
196     157 
197     10 
197     82 
198     7 
198     64 
199     0 
199     71 
200     0 
200     161 
201     9 
201     12 
202     3 
202     34 
203     34 
203     83 
204     35 
204     181 
205     3 
205     139 
206     70 
206     108 
207     90 
207     127 
208     40 
208     48 
209     46 
209     58 
210     0 
210     162 
211     121 
211     167 
212     4 
212     21 
213     4 
213     155 
214     48 
214     187 
215     51 
215     53 
216     6 
216     95 
217     27 
217     129 
218     4 
218     102 
219     14 
219     54 
220     9 
220     43 
221     9 
221     162 
222     14 
222     49 
223     5 
223     26 
224     12 
224     19 
225     10 
225     157 
226     79 
226     81 
227     71 
227     139 
228     4 
228     212 
229     101 
229     108 
230     9 
230     164 
231     26 
231     134 
232     25 
232     174 
233     212 
233     231 
234     6 
234     34 
235     6 
235     108 
236     40 
236     193 
237     0 
237     63 
238     8 
238     43 
239     1 
239     70 
240     9 
240     76 
241     14 
241     151 
242     102 
242     155 
243     1 
243     60 
244     22 
244     164 
245     75 
245     244 
246     56 
246     159 
247     28 
247     205 
248     2 
248     53 
249     6 
249     29 
250     3 
250     14 
251     9 
251     97 
252     78 
252     159 
253     2 
253     35 
254     1 
254     85 
255     157 
255     245 
256     115 
256     233 
257     70 
257     136 
258     60 
258     132 
259     76 
259     157 
260     73 
260     97 
261     52 
261     260 
262     43 
262     47 
263     53 
263     64 
264     27 
264     168 
265     9 
265     134 
266     10 
266     101 
267     46 
267     74 
268     0 
268     78 
269     55 
269     79 
270     19 
270     238 
271     187 
271     192 
272     2 
272     92 
273     95 
273     214 
274     6 
274     97 
275     11 
275     66 
276     69 
276     166 
277     157 
277     212 
278     127 
278     248 
279     2 
279     6 
280     9 
280     222 
281     12 
281     78 
282     39 
282     96 
283     22 
283     258 
284     1 
284     25 
285     80 
285     164 
286     9 
286     10 
287     5 
287     228 
288     0 
288     36 
289     106 
289     227 
290     35 
290     210 
291     220 
291     243 
292     9 
292     118 
293     4 
293     283 
294     29 
294     46 
295     26 
295     183 
296     162 
296     233 
297     17 
297     143 
298     6 
298     269 
299     2 
299     108 
300     80 
300     205 
301     50 
301     110 
302     63 
302     269 
303     2 
303     96 
304     169 
304     208 
305     6 
305     296 
306     12 
306     244 
307     12 
307     58 
308     81 
308     285 
309     5 
309     79 
310     106 
310     110 
311     2 
311     6 
312     34 
312     96 
313     5 
313     73 
314     4 
314     214 
315     179 
315     225 
316     9 
316     54 
317     9 
317     150 
318     0 
318     220 
319     156 
319     214 
320     9 
320     76 
321     1 
321     52 
322     83 
322     178 
323     97 
323     265 
324     108 
324     190 
325     5 
325     108 
326     231 
326     286 
327     6 
327     19 
328     14 
328     41 
329     9 
329     46 
330     107 
330     229 
331     10 
331     27 
332     3 
332     154 
333     6 
333     35 
334     1 
334     38 
335     5 
335     41 
336     46 
336     67 
337     96 
337     113 
338     34 
338     153 
339     58 
339     108 
340     143 
340     313 
341     46 
341     233 
342     76 
342     229 
343     14 
343     108 
344     206 
344     304 
345     193 
345     211 
346     24 
346     39 
347     9 
347     181 
348     46 
348     118 
349     13 
349     70 
350     15 
350     190 
351     20 
351     88 
352     10 
352     244 
353     9 
353     142 
354     27 
354     106 
355     281 
355     283 
356     0 
356     164 
357     39 
357     53 
358     44 
358     178 
359     2 
359     78 
360     167 
360     181 
361     61 
361     330 
362     108 
362     154 
363     65 
363     351 
364     57 
364     170 
365     9 
365     32 
366     249 
366     297 
367     7 
367     108 
368     54 
368     198 
369     1 
369     73 
370     0 
370     129 
371     210 
371     239 
372     18 
372     178 
373     85 
373     308 
374     62 
374     285 
375     46 
375     230 
376     23 
376     49 
377     9 
377     116 
378     10 
378     21 
379     1 
379     102 
380     14 
380     267 
381     209 
381     285 
382     29 
382     32 
383     0 
383     309 
384     9 
384     96 
385     0 
385     247 
386     220 
386     227 
387     112 
387     141 
388     1 
388     4 
389     34 
389     55 
390     139 
390     322 
391     21 
391     34 
392     39 
392     150 
393     191 
393     253 
394     6 
394     310 
395     95 
395     202 
396     82 
396     350 
397     15 
397     283 
398     190 
398     206 
399     70 
399     386 
400     56 
400     157 
401     11 
401     162 
402     174 
402     280 
403     30 
403     204 
404     2 
404     293 
405     45 
405     96 
406     62 
406     283 
407     227 
407     405 
408     134 
408     381 
409     244 
409     291 
410     15 
410     100 
411     11 
411     14 
412     127 
412     225 
413     24 
413     139 
414     118 
414     347 
415     4 
415     6 
416     58 
416     77 
417     6 
417     22 
418     82 
418     124 
419     233 
419     366 
420     3 
420     34 
421     76 
421     168 
422     32 
422     348 
423     213 
423     398 
424     20 
424     21 
425     78 
425     190 
426     10 
426     98 
427     94 
427     239 
428     4 
428     52 
429     66 
429     167 
430     7 
430     50 
431     48 
431     109 
432     5 
432     206 
433     4 
433     220 
434     48 
434     107 
435     6 
435     70 
436     9 
436     428 
437     5 
437     7 
438     7 
438     249 
439     193 
439     248 
440     9 
440     46 
441     11 
441     208 
442     102 
442     226 
443     46 
443     52 
444     102 
444     283 
445     50 
445     56 
446     10 
446     48 
447     9 
447     379 
448     33 
448     205 
449     67 
449     292 
450     1 
450     428 
451     413 
451     426 
452     25 
452     46 
453     0 
453     422 
454     56 
454     179 
455     0 
455     96 
456     2 
456     371 
457     43 
457     150 
458     0 
458     6 
459     69 
459     175 
460     17 
460     385 
461     108 
461     178 
462     61 
462     96 
463     10 
463     49 
464     299 
464     351 
465     87 
465     378 
466     46 
466     297 
467     26 
467     80 
468     156 
468     467 
469     4 
469     82 
470     224 
470     230 
471     351 
471     409 
472     69 
472     442 
473     257 
473     330 
474     10 
474     227 
475     6 
475     151 
476     229 
476     267 
477     256 
477     261 
478     4 
478     227 
479     14 
479     315 
480     143 
480     348 
481     4 
481     110 
482     14 
482     33 
483     7 
483     434 
484     155 
484     190 
485     32 
485     252 
486     8 
486     185 
487     2 
487     275 
488     42 
488     48 
489     144 
489     181 
490     253 
490     395 
491     269 
491     358 
492     12 
492     325 
493     355 
493     409 
494     56 
494     107 
495     9 
495     40 
496     70 
496     82 
497     31 
497     73 
498     167 
498     325 
499     4 
499     321 
500     46 
500     158 
501     78 
501     320 
502     85 
502     297 
503     85 
503     102 
504     14 
504     276 
505     67 
505     330 
506     30 
506     79 
507     232 
507     283 
508     99 
508     364 
509     170 
509     290 
510     252 
510     447 
511     51 
511     52 
512     480 
512     509 
513     0 
513     190 
514     429 
514     436 
515     2 
515     124 
516     63 
516     69 
517     231 
517     235 
518     173 
518     366 
519     178 
519     462 
520     145 
520     349 
521     69 
521     316 
522     34 
522     169 
523     47 
523     63 
524     4 
524     483 
525     0 
525     47 
526     232 
526     236 
527     1 
527     14 
528     44 
528     271 
529     82 
529     355 
530     4 
530     185 
531     108 
531     212 
532     102 
532     410 
533     96 
533     318 
534     358 
534     431 
535     5 
535     190 
536     9 
536     153 
537     9 
537     157 
538     206 
538     425 
539     102 
539     261 
540     4 
540     39 
541     80 
541     266 
542     4 
542     5 
543     108 
543     116 
544     112 
544     460 
545     366 
545     509 
546     81 
546     386 
547     125 
547     214 
548     2 
548     82 
549     2 
549     179 
550     22 
550     145 
551     3 
551     300 
552     1 
552     135 
553     7 
553     387 
554     160 
554     280 
555     39 
555     74 
556     297 
556     367 
557     141 
557     154 
558     265 
558     538 
559     332 
559     356 
560     7 
560     322 
561     228 
561     523 
562     1 
562     513 
563     5 
563     239 
564     1 
564     196 
565     32 
565     377 
566     228 
566     407 
567     401 
567     431 
568     81 
568     154 
569     30 
569     82 
570     226 
570     563 
571     91 
571     404 
572     21 
572     156 
573     150 
573     429 
574     2 
574     461 
575     108 
575     409 
576     6 
576     108 
577     76 
577     164 
578     56 
578     271 
579     40 
579     62 
580     15 
580     67 
581     14 
581     495 
582     62 
582     215 
583     105 
583     294 
584     214 
584     332 
585     0 
585     14 
586     9 
586     147 
587     43 
587     487 
588     72 
588     345 
589     21 
589     209 
590     10 
590     528 
591     153 
591     462 
592     17 
592     141 
593     35 
593     215 
594     480 
594     588 
595     56 
595     147 
596     2 
596     297 
597     385 
597     431 
598     62 
598     186 
599     0 
599     575 
600     517 
600     523 
601     84 
601     310 
602     239 
602     251 
603     2 
603     14 
604     14 
604     181 
605     108 
605     154 
606     14 
606     294 
607     96 
607     528 
608     64 
608     338 
609     107 
609     150 
610     9 
610     135 
611     78 
611     165 
612     263 
612     465 
613     56 
613     354 
614     12 
614     113 
615     21 
615     26 
616     108 
616     252 
617     6 
617     364 
618     108 
618     386 
619     21 
619     459 
620     21 
620     290 
621     9 
621     515 
622     10 
622     282 
623     7 
623     62 
624     18 
624     212 
625     32 
625     196 
626     46 
626     64 
627     160 
627     509 
628     153 
628     172 
629     9 
629     237 
630     318 
630     322 
631     22 
631     301 
632     43 
632     166 
633     110 
633     404 
634     76 
634     144 
635     32 
635     167 
636     6 
636     125 
637     108 
637     121 
638     181 
638     603 
639     25 
639     510 
640     287 
640     571 
641     130 
641     183 
642     11 
642     87 
643     267 
643     586 
644     21 
644     22 
645     57 
645     79 
646     11 
646     70 
647     69 
647     108 
648     285 
648     421 
649     154 
649     237 
650     396 
650     412 
651     4 
651     14 
652     39 
652     91 
653     9 
653     383 
654     162 
654     404 
655     58 
655     499 
656     14 
656     17 
657     21 
657     32 
658     2 
658     306 
659     80 
659     124 
660     91 
660     152 
661     242 
661     470 
662     328 
662     401 
663     26 
663     243 
664     30 
664     455 
665     306 
665     490 
666     0 
666     168 
667     11 
667     27 
668     3 
668     373 
669     0 
669     590 
670     265 
670     407 
671     12 
671     92 
672     25 
672     120 
673     28 
673     181 
674     267 
674     328 
675     30 
675     113 
676     177 
676     432 
677     36 
677     43 
678     244 
678     441 
679     15 
679     316 
680     117 
680     237 
681     409 
681     441 
682     169 
682     286 
683     124 
683     265 
684     203 
684     364 
685     6 
685     26 
686     40 
686     265 
687     256 
687     304 
688     160 
688     528 
689     367 
689     659 
690     235 
691     209 
692     7 
693     475 
694     144 
695     383 
696     9 
697     88 
698     192 
699     226 
700     209 
701     332 
702     154 
703     421 
704     27 
705     76 
706     516 
707     34 
708     71 
709     15 
710     388 
711     228 
712     198 
713     313 
714     1 
715     237 
716     2 
717     387 
718     80 
719     239 
720     635 
721     205 
722     202 
723     260 
724     122 
725     351 
726     167 
727     67 
728     78 
729     151 
730     84 
731     76 
732     167 
733     333 
734     0 
735     154 
736     110 
737     70 
738     31 
739     172 
740     124 
741     131 
742     15 
743     506 
744     364 
745     648 
746     0 
747     92 
748     25 
749     518 
750     2 
751     6 
752     69 
753     557 
754     403 
755     682 
756     49 
757     42 
758     108 
759     237 
760     123 
761     574 
762     46 
763     49 
764     9 
765     63 
766     10 
767     584 
768     145 
769     73 
770     178 
771     752 
772     261 
773     450 
774     7 
775     549 
776     102 
777     21 
778     415 
779     110 
780     154 
781     331 
782     643 
783     114 
784     7 
785     549 
786     420 
787     24 
788     267 
789     660 
790     96 
791     39 
792     546 
793     229 
794     786 
795     20 
796     363 
797     52 
798     239 
799     256 
800     602 
801     1 
802     330 
803     515 
804     7 
805     6 
806     367 
807     301 
808     482 
809     483 
810     205 
811     378 
812     310 
813     12 
814     727 
815     292 
816     323 
817     546 
818     6 
819     14 
820     343 
821     780 
822     302 
823     53 
824     280 
825     127 
826     5 
827     546 
828     2 
829     808 
830     3 
831     530 
832     101 
833     208 
834     523 
835     27 
836     96 
837     25 
838     54 
839     834 
840     25 
841     26 
842     439 
843     167 
844     70 
845     5 
846     471 
847     441 
848     467 
849     536 
850     5 
851     76 
852     238 
853     193 
854     134 
855     108 
856     0 
857     406 
858     192 
859     189 
860     190 
861     30 
862     58 
863     5 
864     225 
865     627 
866     267 
867     121 
868     608 
869     371 
870     96 
871     107 
872     159 
873     0 
874     294 
875     553 
876     44 
877     157 
878     608 
879     746 
880     180 
881     108 
882     86 
883     205 
884     822 
885     28 
886     157 
887     34 
888     659 
889     4 
890     586 
891     272 
892     4 
893     545 
894     14 
895     610 
896     667 
897     12 
898     364 
899     5 
900     179 
901     76 
902     538 
903     192 
904     1 
905     304 
906     88 
907     544 
908     648 
909     238 
910     164 
911     0 
912     588 
913     7 
914     314 
915     164 
916     624 
917     612 
918     28 
919     4 
920     177 
921     13 
922     856 
923     371 
924     419 
925     222 
926     803 
927     241 
928     9 
929     48 
930     118 
931     46 
932     625 
933     451 
934     115 
935     646 
936     80 
937     70 
938     746 
939     113 
940     294 
941     97 
942     11 
943     401 
944     78 
945     120 
946     168 
947     600 
948     7 
949     5 
950     309 
951     54 
952     34 
953     35 
954     906 
955     159 
956     239 
957     545 
958     28 
959     476 
960     923 
961     205 
962     192 
963     108 
964     21 
965     380 
966     47 
967     246 
968     233 
969     388 
970     10 
971     707 
972     21 
973     191 
974     57 
975     135 
976     416 
977     1 
978     919 
979     108 
980     345 
981     88 
982     0 
983     157 
984     214 
985     158 
986     9 
987     680 
988     71 
989     56 
990     212 
991     2 
992     286 
993     408 
994     6 
995     366 
996     793 
997     54 
998     1 
999     303 
1000     422 
1001     28 
1002     196 
1003     666 
1004     11 
1005     195 
1006     102 
1007     3 
1008     834 
1009     498 
1010     108 
1011     185 
1012     366 
1013     936 
1014     825 
1015     25 
1016     97 
1017     476 
1018     10 
1019     55 
1020     912 
1021     651 
1022     790 
1023     12 
1024     874 
1025     380 
1026     142 
1027     917 
1028     4 
1029     689 
1030     509 
1031     102 
1032     278 
1033     66 
1034     285 
1035     846 
1036     76 
1037     413 
1038     54 
1039     5 
1040     385 
1041     11 
1042     202 
1043     164 
1044     145 
1045     691 
1046     51 
1047     430 
1048     2 
1049     144 
1050     10 
1051     552 
1052     0 
1053     183 
1054     375 
1055     21 
1056     409 
1057     106 
1058     385 
1059     7 
1060     179 
1061     118 
1062     447 
1063     755 
1064     971 
1065     119 
1066     604 
1067     19 
1068     245 
1069     260 
1070     460 
1071     1020 
1072     97 
1073     850 
1074     6 
1075     77 
1076     1 
1077     924 
1078     824 
1079     42 
1080     297 
1081     214 
1082     4 
1083     97 
1084     527 
1085     37 
1086     654 
1087     342 
1088     36 
1089     528 
1090     63 
1091     285 
1092     4 
1093     139 
1094     285 
1095     10 
1096     593 
1097     597 
1098     583 
1099     441 
1100     6 
1101     56 
1102     280 
1103     169 
1104     282 
1105     359 
1106     624 
1107     373 
1108     66 
1109     0 
1110     269 
1111     421 
1112     15 
1113     604 
1114     566 
1115     10 
1116     622 
1117     646 
1118     78 
1119     977 
1120     345 
1121     6 
1122     440 
1123     236 
1124     472 
1125     983 
1126     326 
1127     576 
1128     659 
1129     386 
1130     36 
1131     359 
1132     63 
1133     837 
1134     157 
1135     5 
1136     521 
1137     182 
1138     213 
1139     707 
1140     2 
1141     169 
1142     563 
1143     496 
1144     224 
1145     636 
1146     835 
1147     43 
1148     698 
1149     247 
1150     96 
1151     73 
1152     56 
1153     96 
1154     330 
1155     643 
1156     11 
1157     529 
1158     225 
1159     212 
1160     937 
1161     54 
1162     219 
1163     460 
1164     603 
1165     1004 
1166     162 
1167     30 
1168     490 
1169     542 
1170     449 
1171     146 
1172     345 
1173     330 
1174     75 
1175     9 
1176     387 
1177     95 
1178     269 
1179     236 
1180     119 
1181     936 
1182     667 
1183     271 
1184     192 
1185     54 
1186     25 
1187     276 
1188     855 
1189     40 
1190     179 
1191     1145 
1192     366 
1193     1010 
1194     76 
1195     10 
1196     0 
1197     952 
1198     220 
1199     9 
1200     57 
1201     905 
1202     1195 
1203     212 
1204     124 
1205     763 
1206     201 
1207     171 
1208     507 
1209     358 
1210     359 
1211     30 
1212     10 
1213     86 
1214     324 
1215     18 
1216     6 
1217     65 
1218     10 
1219     680 
1220     329 
1221     150 
1222     299 
1223     198 
1224     205 
1225     605 
1226     50 
1227     31 
1228     492 
1229     301 
1230     1195 
1231     86 
1232     232 
1233     1110 
1234     193 
1235     360 
1236     75 
1237     165 
1238     43 
1239     158 
1240     155 
1241     392 
1242     192 
1243     334 
1244     444 
1245     545 
1246     57 
1247     10 
1248     157 
1249     135 
1250     52 
1251     318 
1252     1233 
1253     1106 
1254     34 
1255     220 
1256     78 
1257     413 
1258     465 
1259     356 
1260     1115 
1261     451 
1262     34 
1263     494 
1264     354 
1265     376 
1266     323 
1267     991 
1268     366 
1269     331 
1270     571 
1271     2 
1272     10 
1273     679 
1274     1156 
1275     1 
1276     71 
1277     921 
1278     308 
1279     211 
1280     612 
1281     864 
1282     27 
1283     279 
1284     63 
1285     394 
1286     561 
1287     310 
1288     441 
1289     51 
1290     10 
1291     48 
1292     611 
1293     192 
1294     158 
1295     21 
1296     35 
1297     447 
1298     388 
1299     1094 
1300     1126 
1301     45 
1302     3 
1303     706 
1304     387 
1305     982 
1306     139 
1307     5 
1308     1186 
1309     377 
1310     957 
1311     134 
1312     271 
1313     137 
1314     296 
1315     63 
1316     620 
1317     983 
1318     227 
1319     385 
1320     6 
1321     5 
1322     395 
1323     162 
1324     411 
1325     212 
1326     0 
1327     14 
1328     139 
1329     1195 
1330     483 
1331     265 
1332     382 
1333     102 
1334     6 
1335     69 
1336     27 
1337     667 
1338     862 
1339     228 
1340     12 
1341     9 
1342     794 
1343     27 
1344     1197 
1345     644 
1346     212 
1347     510 
1348     683 
1349     73 
1350     0 
1351     641 
1352     96 
1353     322 
1354     29 
1355     25 
1356     14 
1357     1249 
1358     672 
1359     69 
1360     127 
1361     1215 
1362     983 
1363     1122 
1364     1094 
1365     9 
1366     437 
1367     1316 
1368     212 
1369     190 
1370     1 
1371     239 
1372     906 
1373     40 
1374     1 
1375     34 
1376     165 
1377     0 
1378     260 
1379     43 
1380     76 
1381     225 
1382     1072 
1383     46 
1384     191 
1385     575 
1386     53 
1387     586 
1388     1312 
1389     435 
1390     311 
1391     1139 
1392     431 
1393     127 
1394     621 
1395     93 
1396     4 
1397     295 
1398     851 
1399     48 
1400     169 
1401     165 
1402     428 
1403     8 
1404     27 
1405     274 
1406     0 
1407     29 
1408     430 
1409     62 
1410     181 
1411     315 
1412     599 
1413     859 
1414     144 
1415     62 
1416     5 
1417     680 
1418     108 
1419     1132 
1420     625 
1421     214 
1422     2 
1423     367 
1424     585 
1425     150 
1426     155 
1427     192 
1428     107 
1429     234 
1430     197 
1431     676 
1432     132 
1433     51 
1434     63 
1435     958 
1436     205 
1437     0 
1438     10 
1439     67 
1440     409 
1441     1032 
1442     653 
1443     219 
1444     25 
1445     1054 
1446     58 
1447     282 
1448     1139 
1449     3 
1450     1313 
1451     624 
1452     932 
1453     206 
1454     11 
1455     298 
1456     51 
1457     384 
1458     524 
1459     172 
1460     1406 
1461     171 
1462     633 
1463     348 
1464     25 
1465     48 
1466     172 
1467     1188 
1468     1254 
1469     38 
1470     0 
1471     561 
1472     1295 
1473     46 
1474     351 
1475     55 
1476     239 
1477     1406 
1478     629 
1479     0 
1480     11 
1481     1229 
1482     743 
1483     40 
1484     393 
1485     1074 
1486     280 
1487     363 
1488     29 
1489     61 
1490     1049 
1491     76 
1492     208 
1493     1006 
1494     75 
1495     278 
1496     705 
1497     471 
1498     154 
1499     41 
1500     80 
1501     35 
1502     927 
1503     759 
1504     522 
1505     581 
1506     384 
1507     535 
1508     371 
1509     1267 
1510     7 
1511     292 
1512     21 
1513     1194 
1514     179 
1515     113 
1516     366 
1517     85 
1518     169 
1519     305 
1520     830 
1521     70 
1522     5 
1523     820 
1524     6 
1525     294 
1526     21 
1527     306 
1528     584 
1529     715 
1530     1403 
1531     227 
1532     587 
1533     147 
1534     1174 
1535     161 
1536     39 
1537     570 
1538     1146 
1539     788 
1540     48 
1541     76 
1542     6 
1543     326 
1544     327 
1545     1415 
1546     34 
1547     7 
1548     53 
1549     304 
1550     124 
1551     338 
1552     295 
1553     361 
1554     710 
1555     0 
1556     0 
1557     580 
1558     35 
1559     528 
1560     290 
1561     143 
1562     9 
1563     579 
1564     1311 
1565     174 
1566     267 
1567     82 
1568     108 
1569     183 
1570     261 
1571     76 
1572     5 
1573     672 
1574     4 
1575     191 
1576     636 
1577     135 
1578     23 
1579     544 
1580     342 
1581     134 
1582     2 
1583     92 
1584     60 
1585     169 
1586     573 
1587     129 
1588     713 
1589     63 
1590     896 
1591     1 
1592     188 
1593     1188 
1594     17 
1595     135 
1596     381 
1597     126 
1598     5 
1599     137 
1600     945 
1601     619 
1602     291 
1603     6 
1604     100 
1605     166 
1606     171 
1607     80 
1608     3 
1609     6 
1610     358 
1611     50 
1612     8 
1613     640 
1614     10 
1615     325 
1616     218 
1617     1375 
1618     421 
1619     495 
1620     292 
1621     409 
1622     5 
1623     76 
1624     41 
1625     9 
1626     28 
1627     159 
1628     93 
1629     882 
1630     36 
1631     113 
1632     3 
1633     499 
1634     10 
1635     1094 
1636     113 
1637     3 
1638     580 
1639     224 
1640     1106 
1641     157 
1642     233 
1643     1106 
1644     24 
1645     1145 
1646     147 
1647     194 
1648     889 
1649     253 
1650     108 
1651     212 
1652     125 
1653     165 
1654     225 
1655     379 
1656     1321 
1657     76 
1658     193 
1659     575 
1660     242 
1661     1516 
1662     439 
1663     82 
1664     617 
1665     0 
1666     404 
1667     1255 
1668     1141 
1669     0 
1670     306 
1671     120 
1672     84 
1673     6 
1674     39 
1675     22 
1676     1571 
1677     1454 
1678     1061 
1679     1489 
1680     344 
1681     1556 
1682     1020 
1683     1233 
1684     576 
1685     1611 
1686     530 
1687     32 
1688     602 
1689     617 
1690     93 
1691     1252 
1692     118 
1693     528 
1694     2 
1695     927 
1696     1023 
1697     68 
1698     6 
1699     206 
1700     1081 
1701     67 
1702     1592 
1703     196 
1704     62 
1705     528 
1706     271 
1707     76 
1708     4 
1709     9 
1710     331 
1711     603 
1712     574 
1713     98 
1714     308 
1715     7 
1716     266 
1717     1 
1718     721 
1719     291 
1720     178 
1721     61 
1722     125 
1723     48 
1724     331 
1725     21 
1726     10 
1727     304 
1728     149 
1729     903 
1730     186 
1731     776 
1732     303 
1733     475 
1734     529 
1735     5 
1736     82 
1737     509 
1738     470 
1739     619 
1740     6 
1741     1521 
1742     580 
1743     9 
1744     1632 
1745     578 
1746     351 
1747     46 
1748     616 
1749     162 
1750     572 
1751     11 
1752     55 
1753     73 
1754     570 
1755     25 
1756     1 
1757     625 
1758     1734 
1759     119 
1760     391 
1761     82 
1762     1062 
1763     310 
1764     950 
1765     1220 
1766     0 
1767     37 
1768     79 
1769     127 
1770     572 
1771     250 
1772     70 
1773     8 
1774     204 
1775     3 
1776     67 
1777     280 
1778     195 
1779     1458 
1780     2 
1781     41 
1782     1169 
1783     699 
1784     79 
1785     405 
1786     1160 
1787     342 
1788     164 
1789     206 
1790     3 
1791     183 
1792     666 
1793     1021 
1794     67 
1795     0 
1796     1637 
1797     665 
1798     174 
1799     496 
1800     363 
1801     367 
1802     62 
1803     343 
1804     465 
1805     1351 
1806     82 
1807     227 
1808     197 
1809     392 
1810     125 
1811     78 
1812     333 
1813     206 
1814     9 
1815     4 
1816     125 
1817     64 
1818     680 
1819     905 
1820     32 
1821     348 
1822     151 
1823     1068 
1824     225 
1825     864 
1826     152 
1827     375 
1828     5 
1829     6 
1830     0 
1831     39 
1832     215 
1833     27 
1834     681 
1835     237 
1836     885 
1837     327 
1838     611 
1839     301 
1840     1164 
1841     183 
1842     130 
1843     156 
1844     371 
1845     859 
1846     17 
1847     632 
1848     1826 
1849     579 
1850     1 
1851     1106 
1852     1374 
1853     937 
1854     254 
1855     1463 
1856     178 
1857     367 
1858     132 
1859     465 
1860     675 
1861     5 
1862     170 
1863     66 
1864     21 
1865     753 
1866     1002 
1867     314 
1868     358 
1869     206 
1870     159 
1871     46 
1872     198 
1873     358 
1874     919 
1875     1772 
1876     208 
1877     268 
1878     45 
1879     14 
1880     1857 
1881     1047 
1882     805 
1883     150 
1884     127 
1885     327 
1886     25 
1887     233 
1888     401 
1889     172 
1890     70 
1891     140 
1892     629 
1893     1 
1894     686 
1895     36 
1896     1415 
1897     153 
1898     299 
1899     226 
1900     179 
1901     279 
1902     83 
1903     102 
1904     1313 
1905     1062 
1906     12 
1907     613 
1908     1218 
1909     5 
1910     101 
1911     471 
1912     833 
1913     10 
1914     1739 
1915     25 
1916     12 
1917     9 
1918     712 
1919     733 
1920     538 
1921     318 
1922     9 
1923     1 
1924     156 
1925     21 
1926     218 
1927     817 
1928     1804 
1929     735 
1930     1696 
1931     426 
1932     102 
1933     2 
1934     753 
1935     271 
1936     1038 
1937     3 
1938     214 
1939     350 
1940     1382 
1941     76 
1942     1624 
1943     153 
1944     1 
1945     23 
1946     192 
1947     450 
1948     567 
1949     157 
1950     1611 
1951     157 
1952     9 
1953     707 
1954     171 
1955     1195 
1956     0 
1957     365 
1958     0 
1959     1327 
1960     200 
1961     605 
1962     829 
1963     239 
1964     79 
1965     500 
1966     409 
1967     1025 
1968     27 
1969     13 
1970     6 
1971     10 
1972     0 
1973     435 
1974     1792 
1975     1587 
1976     1 
1977     43 
1978     718 
1979     34 
1980     233 
1981     723 
1982     71 
1983     26 
1984     294 
1985     613 
1986     268 
1987     731 
1988     350 
1989     147 
1990     10 
1991     496 
1992     1464 
1993     110 
1994     743 
1995     279 
1996     130 
1997     1900 
1998     201 
1999     99 
2000     735 
2001     5 
2002     46 
2003     30 
2004     476 
2005     64 
2006     83 
2007     214 
2008     19 
2009     1906 
2010     21 
2011     592 
2012     9 
2013     404 
2014     0 
2015     57 
2016     386 
2017     528 
